0.998458743095398
0.999806821346283
0.9990977048873901
0.9977651834487915
0.9963359832763672
0.9996525049209595
0.9982472658157349
0.9995641112327576
0.9995461106300354
0.9988105297088623
0.9992601275444031
0.9403404593467712
0.9994414448738098
0.9996522665023804
0.998084306716919
0.9955175518989563
0.9997411370277405
0.9947172999382019
0.9995136260986328
0.9998849630355835
0.9984992742538452
0.9998243451118469
0.9996916055679321
0.9998095631599426
0.9912726283073425
0.9951360821723938
0.7775042653083801
0.9429988265037537
0.9946050047874451
0.7805052995681763
0.9997808337211609
0.989774227142334
0.9985647797584534
0.997840404510498
0.996391236782074
0.9977009892463684
0.9993817806243896
0.9992358684539795
0.9666708111763
0.9968339800834656
0.9945101737976074
0.9968059062957764
0.953611433506012
0.9999979734420776
0.9975211024284363
0.982093334197998
0.9967250227928162
0.9981886744499207
0.9993476271629333
0.9599261283874512
0.999836802482605
0.9921730756759644
0.9607353806495667
0.9982683658599854
0.9955407977104187
0.9994747042655945
0.9999709129333496
0.9983131885528564
0.9993056058883667
0.9980323910713196
0.9941871166229248
0.9756026268005371
0.9928170442581177
0.9997519850730896
0.9984577894210815
0.9998049139976501
0.9997995495796204
0.9983527660369873
0.9999721050262451
0.9996095299720764
0.9960951209068298
0.9966409206390381
0.8981817364692688
0.9997132420539856
0.9995403289794922
0.9976528286933899
0.9996734857559204
0.9992814660072327
0.98898845911026
0.9999865293502808
0.9991406202316284
0.9982700347900391
0.9432120323181152
0.9854522347450256
0.9982550740242004
0.9998196959495544
0.5111439228057861
0.9929205775260925
0.9998657703399658
0.9999985694885254
0.999688982963562
0.9709919095039368
0.9993789196014404
0.9892188906669617
0.9996651411056519
0.9993523955345154
0.9998264908790588
0.9996613264083862
0.9997448325157166
0.9971413016319275
0.9993723034858704
0.9999918937683105
0.9941281080245972
0.9997493624687195
0.9989147186279297
0.9822840094566345
0.9966024160385132
0.9996125102043152
0.7512180805206299
0.9950489401817322
0.9986987113952637
0.9994803071022034
0.9999139308929443
0.9991852641105652
0.9824051260948181
0.9956080317497253
0.9992121458053589
0.9994576573371887
0.6385023593902588
0.9995133876800537
0.9995079040527344
0.9190641045570374
0.9981378316879272
0.9992527365684509
0.9996236562728882
0.9997379183769226
0.9997026324272156
0.9994404911994934
0.9965639710426331
0.9997579455375671
0.9995858073234558
0.9998506307601929
0.7307001352310181
0.9937472343444824
0.9992148876190186
0.9991933703422546
0.9990935325622559
0.994432270526886
0.9948012828826904
0.9964800477027893
0.9923673272132874
0.9999955892562866
0.9991834759712219
0.9982606768608093
0.9986475110054016
0.999688982963562
0.9765154123306274
0.9998691082000732
0.9986608028411865
0.9999797344207764
0.9996907711029053
0.9998071789741516
0.9995895028114319
0.9997130036354065
0.9994111061096191
0.9992851614952087
0.9883750677108765
0.9998699426651001
0.8216496109962463
0.8980961441993713
0.9991307854652405
0.9956016540527344
0.9882189035415649
0.999985933303833
0.9967267513275146
0.9999617338180542
0.9991280436515808
0.9972053170204163
0.9978988170623779
0.9983727931976318
0.9956547021865845
0.9875614643096924
0.9947172999382019
0.9982472658157349
0.9996551275253296
0.9999233484268188
0.9993295669555664
0.9995655417442322
0.9996693134307861
0.5511887073516846
0.9759594798088074
0.9679059982299805
0.999659538269043
0.9993352293968201
0.9991869330406189
0.998586893081665
0.9960101842880249
0.9929884076118469
0.9994969367980957
0.9999724626541138
0.9969654679298401
0.9969869256019592
0.529062807559967
0.9921654462814331
0.9994696974754333
0.9996830224990845
0.9334312081336975
0.9994972944259644
0.9962336421012878
0.9946387410163879
0.9974421262741089
0.9985947012901306
0.9997275471687317
0.9937514662742615
0.9994837045669556
0.9997726082801819
0.9996320009231567
0.9993002414703369
0.999742329120636
0.9996362924575806
0.6521099209785461
0.9891579151153564
0.9999895095825195
0.9997844099998474
0.9937921166419983
0.9996966123580933
0.9978931546211243
0.998458743095398
0.9544978141784668
0.9985541701316833
0.9999333620071411
0.9981927275657654
0.999329686164856
0.9439987540245056
0.9994271993637085
0.9995030164718628
0.9968389272689819
0.5588353872299194
0.9999723434448242
0.9944720268249512
0.899116039276123
0.9996861219406128
0.9990850687026978
0.9956187605857849
0.998836100101471
0.9386373162269592
0.9996789693832397
0.9996569156646729
0.9991554021835327
0.9993471503257751
0.9992204904556274
0.999005138874054
0.9993589520454407
0.9938393235206604
0.9416529536247253
0.9991840720176697
0.9904090166091919
0.9999890327453613
0.9997174143791199
0.9996362924575806
0.9998937845230103
0.9997362494468689
0.9976287484169006
0.9997977614402771
0.9998531341552734
0.9969426989555359
0.9982215762138367
0.9999650716781616
0.9996792078018188
0.9986329674720764
0.9999532699584961
0.9997372031211853
0.9992654919624329
0.9956791996955872
0.9951387643814087
0.9997575879096985
0.5827805995941162
0.9995824694633484
0.9999680519104004
0.9994353652000427
0.9972077012062073
0.9996583461761475
0.9996034502983093
0.9996374845504761
0.9995984435081482
0.9988294243812561
0.935225784778595
0.9978970289230347
0.9997712969779968
0.9952561259269714
0.8996378183364868
0.9998475313186646
0.9893684983253479
0.9990703463554382
0.9908987283706665
0.9990184307098389
0.9904242157936096
0.9981555342674255
0.9961155652999878
0.9688702821731567
0.9977832436561584
0.975583553314209
0.9995453953742981
0.9921654462814331
0.9964446425437927
0.9997503161430359
0.966925859451294
0.5111362338066101
0.9995322227478027
0.9999078512191772
0.9877925515174866
0.9972055554389954
0.9993626475334167
0.986247718334198
0.9952892065048218
0.9999994039535522
0.9982852339744568
0.9984266757965088
0.999566376209259
0.516588568687439
0.999002993106842
0.9998294115066528
0.9965772032737732
0.999778687953949
0.9966250658035278
0.9992673993110657
0.9999464750289917
0.8349872827529907
0.9997572302818298
0.9994028806686401
0.9971600770950317
0.9998664855957031
0.9995369911193848
0.999595582485199
0.9984367489814758
0.9987137317657471
0.9991602897644043
0.9482618570327759
0.9999561309814453
0.9999911785125732
0.9996685981750488
0.9994164705276489
0.9997511506080627
0.9994756579399109
0.9991546869277954
0.999957799911499
0.9986408352851868
0.9973243474960327
0.9995773434638977
0.9994440674781799
0.9999971389770508
0.9457323551177979
0.9990822076797485
0.9984385371208191
0.9952512979507446
0.9944803714752197
0.9989823698997498
0.9935665726661682
0.8946585059165955
0.9993904829025269
0.9976488947868347
0.9990931749343872
0.9987947940826416
0.9985880255699158
0.9985333681106567
0.9482660293579102
0.9998984336853027
0.9946349859237671
0.9910292625427246
0.9991769194602966
0.9996603727340698
0.9993435740470886
0.999659538269043
0.9994332194328308
0.999363362789154
0.7818920612335205
0.9962602853775024
0.9998766183853149
0.998156726360321
0.999269425868988
0.9998699426651001
0.998699426651001
0.9994134902954102
0.9956098198890686
0.9994854927062988
0.9905518293380737
0.9991421699523926
0.999363362789154
0.9999287128448486
0.7013458609580994
0.9998297691345215
0.9992326498031616
0.9998399019241333
0.9803440570831299
0.9998766183853149
0.9993712306022644
0.9652572870254517
0.9390644431114197
0.9989805817604065
0.9994284510612488
0.999555766582489
0.9995055198669434
0.9989998936653137
0.9995071887969971
0.9995647072792053
0.998816728591919
0.9986217021942139
0.998764157295227
0.9994271993637085
0.9997429251670837
0.8899257183074951
0.5337547063827515
0.9978387951850891
0.9712895154953003
0.8625693917274475
0.9999856948852539
0.9999942779541016
0.9996495246887207
0.9990850687026978
0.9998924732208252
0.9230328798294067
0.5432278513908386
0.994356095790863
0.9992883801460266
0.9977719187736511
0.9993160963058472
0.9997977614402771
0.9995162487030029
0.9990289211273193
0.9999892711639404
0.9994882345199585
0.9994353652000427
0.9946349859237671
0.9984048008918762
0.9994363188743591
0.9995748400688171
0.9996411800384521
0.9987525939941406
0.9111177325248718
0.9999995231628418
0.9982470273971558
0.9994847774505615
0.9997658133506775
0.8136887550354004
0.9996492862701416
0.9999701976776123
0.9984773993492126
0.9956786036491394
0.9993118047714233
0.9989564418792725
0.9981409311294556
0.9993189573287964
0.9999874830245972
0.9989833235740662
0.9991249442100525
0.9994891881942749
0.9982895255088806
0.9448139071464539
0.9990440011024475
0.9996868371963501
0.9891983866691589
0.9984477758407593
0.999836802482605
0.9918779134750366
0.9999779462814331
0.8845279812812805
0.9997996687889099
0.9987469911575317
0.9994920492172241
0.9963260293006897
0.9939223527908325
0.9990329742431641
0.9359304308891296
0.9610124230384827
0.8686091899871826
0.9995716214179993
0.9994096755981445
0.9982424974441528
0.9998952150344849
0.9998767375946045
0.9995527863502502
0.9998910427093506
0.9998145699501038
0.5289031267166138
0.9543269276618958
0.9997645020484924
0.9964491128921509
0.9996507167816162
0.9989339709281921
0.9978650212287903
0.9995467066764832
0.923902690410614
0.9998832941055298
0.5582191348075867
0.9989044666290283
0.9996531009674072
0.9982767105102539
0.9988632202148438
0.9833242893218994
0.9974421262741089
0.9979819059371948
0.9990885257720947
0.998995840549469
0.9998162388801575
0.9955881834030151
0.9997965693473816
0.9981874823570251
0.9481726884841919
0.9549505114555359
0.99952232837677
0.9949683547019958
0.9998924732208252
0.997363269329071
0.9919373393058777
0.9995133876800537
0.9986481070518494
0.9887565970420837
0.999993085861206
0.9995079040527344
0.9992761015892029
0.9995933175086975
0.8875958323478699
0.9975560903549194
0.9983686804771423
0.9952408075332642
0.9991249442100525
0.9995429515838623
0.9993589520454407
0.999481737613678
0.9999468326568604
0.99933260679245
0.9979763627052307
0.9824051260948181
0.9482618570327759
0.9992409944534302
0.9852489829063416
0.9990360736846924
0.9705953598022461
0.9935513734817505
0.9998183846473694
0.9962267875671387
0.9999804496765137
0.9998045563697815
0.9995055198669434
0.999984860420227
0.9979142546653748
0.6345758438110352
0.9891983866691589
0.9052033424377441
0.9995429515838623
0.9961227774620056
0.9994285702705383
0.9981980919837952
0.997183620929718
0.9999731779098511
0.9994820952415466
0.8765577673912048
0.9995728135108948
0.8899257183074951
0.9999198913574219
0.9991047978401184
0.9976679682731628
0.9986183643341064
0.997136116027832
0.9976320266723633
0.9979248046875
0.9985243678092957
0.999031662940979
0.978415310382843
0.9984672665596008
0.5203410983085632
0.9699723720550537
0.9838431477546692
0.9995453953742981
0.9996247291564941
0.9994567036628723
0.9984577894210815
0.9970329999923706
0.9990184307098389
0.9994320273399353
0.8173917531967163
0.9999532699584961
0.7976199984550476
0.9997891783714294
0.9992631077766418
0.9316069483757019
0.9405519366264343
0.9997707009315491
0.9973243474960327
0.999121367931366
0.9984059929847717
0.9979938268661499
0.9999041557312012
0.8628770709037781
0.9991785883903503
0.9992838501930237
0.9955644607543945
0.9650964736938477
0.9965772032737732
0.9994083642959595
0.9998835325241089
0.9994969367980957
0.9990342855453491
0.9996227025985718
0.9989305138587952
0.9524691104888916
0.9837653040885925
0.9988676309585571
0.998507559299469
0.9753159880638123
0.994751513004303
0.9991936087608337
0.9983250498771667
0.9837244749069214
0.9996789693832397
0.8894846439361572
0.9976130723953247
0.9972077012062073
0.9951996803283691
0.9996792078018188
0.9980736970901489
0.9998562335968018
0.9842970967292786
0.9996217489242554
0.9981135129928589
0.9993157386779785
0.9997056126594543
0.9999957084655762
0.9992617964744568
0.9994300007820129
0.9954835176467896
0.9986880421638489
0.9994263648986816
0.9993478655815125
0.9796363115310669
0.9990125894546509
0.5663723945617676
0.9991320967674255
0.9996328353881836
0.9930047392845154
0.9808151721954346
0.9991849064826965
0.9999576807022095
0.982093334197998
0.9921215772628784
0.9999510049819946
0.9978238344192505
0.9965170621871948
0.9945251941680908
0.9973646998405457
0.762721836566925
0.9218775033950806
0.9992749094963074
0.999874472618103
0.9994695782661438
0.9997132420539856
0.999964714050293
0.6943418979644775
0.9988538026809692
0.9981874823570251
0.9996024966239929
0.9999881982803345
0.9977719187736511
0.9997597336769104
0.9998199343681335
0.9993871450424194
0.9892590641975403
0.9990978240966797
0.9997668862342834
0.9985243678092957
0.9996764659881592
0.9993368983268738
0.9996277093887329
0.9975982308387756
0.999915361404419
0.9994786381721497
0.9998910427093506
0.999687671661377
0.9945887327194214
0.9997448325157166
0.9978771209716797
0.9976381063461304
0.6952676177024841
0.9945306181907654
0.9997645020484924
0.9995274543762207
0.7976199984550476
0.9145580530166626
0.9993540644645691
0.9994871616363525
0.9997888207435608
0.9946387410163879
0.9999487400054932
0.9994921684265137
0.505258321762085
0.9975743889808655
0.9997150301933289
0.9999829530715942
0.9888924956321716
0.9856688976287842
0.7775205969810486
0.9711067080497742
0.999784529209137
0.9985042810440063
0.6202103495597839
0.9517118334770203
0.999768078327179
0.9996949434280396
0.9880598187446594
0.9997718930244446
0.9988265633583069
0.6616584658622742
0.9986839890480042
0.9994958639144897
0.8005670309066772
0.8822869658470154
0.9988099336624146
0.9998446702957153
0.9911611080169678
0.9988314509391785
0.9996156692504883
0.9919493198394775
0.9993367791175842
0.9997648596763611
0.9958627223968506
0.9991216063499451
0.5046547651290894
0.9986286163330078
0.9991040825843811
0.9899167418479919
0.9992905855178833
0.9999041557312012
0.9990683197975159
0.9995050430297852
0.9999233484268188
0.9998774528503418
0.9994871616363525
0.9999454021453857
0.999430239200592
0.996152937412262
0.9507901072502136
0.9996618032455444
0.9793247580528259
0.9821246862411499
0.9976252913475037
0.9999336004257202
0.9993669390678406
0.9990112781524658
0.9993220567703247
0.997653067111969
0.8315573930740356
0.998782217502594
0.9965639710426331
0.9999915361404419
0.9996366500854492
0.9999669790267944
0.9990978240966797
0.9904753565788269
0.9988183379173279
0.9992551207542419
0.9995580315589905
0.9977414608001709
0.9978489875793457
0.9999985694885254
0.9993522763252258
0.9983820915222168
0.9997279047966003
0.9999346733093262
0.994468092918396
0.9994645714759827
0.999958872795105
0.9970376491546631
0.9969813227653503
0.999985933303833
0.9981264472007751
0.9950709342956543
0.9998001456260681
0.9994035959243774
0.99835604429245
0.998424768447876
0.998430073261261
0.9996196031570435
0.831399142742157
0.9994128942489624
0.9997521042823792
0.9999669790267944
0.8744670152664185
0.9978364109992981
0.9992976188659668
0.9956153631210327
0.9994845390319824
0.999945878982544
0.9945797920227051
0.999996542930603
0.9999736547470093
0.5588353872299194
0.8005670309066772
0.999935507774353
0.9916921854019165
0.9991742968559265
0.9991389513015747
0.9961227774620056
0.9935082197189331
0.9997223019599915
0.9448139071464539
0.978415310382843
0.9998062252998352
0.999980092048645
0.9999092817306519
0.9995228052139282
0.996951699256897
0.9564710855484009
0.9968030452728271
0.9967999458312988
0.999790370464325
0.5139893293380737
0.9983686804771423
0.9916350841522217
0.9992499947547913
0.9995135068893433
0.9992222785949707
0.9976551532745361
0.9919493198394775
0.9916350841522217
0.8648970723152161
0.999957799911499
0.9996813535690308
0.9993160963058472
0.9882882833480835
0.9997138381004333
0.9988619089126587
0.9945038557052612
0.9982591271400452
0.9979026317596436
0.9997664093971252
0.9935665726661682
0.9977099895477295
0.9993612170219421
0.9929205775260925
0.9999666213989258
0.9981378316879272
0.9997393488883972
0.9652227163314819
0.5098867416381836
0.9962465167045593
0.998504638671875
0.9962602853775024
0.9989944100379944
0.9931880235671997
0.9980185031890869
0.6768935322761536
0.99992835521698
0.9901337027549744
0.9995972514152527
0.9999672174453735
0.5113229751586914
0.931049108505249
0.9999723434448242
0.9976685643196106
0.9987490177154541
0.9999433755874634
0.9985677003860474
0.998955488204956
0.9997511506080627
0.988987147808075
0.9999934434890747
0.9712376594543457
0.9999748468399048
0.9951862692832947
0.9815442562103271
0.9997031092643738
0.9952892065048218
0.9995716214179993
0.9998773336410522
0.9983548521995544
0.9911841154098511
0.9991554021835327
0.8773072957992554
0.9995043277740479
0.9991546869277954
0.9997480511665344
0.9988897442817688
0.9981611371040344
0.6290042996406555
0.8607873916625977
0.9998984336853027
0.5717201828956604
0.9994283318519592
0.9955052137374878
0.9929606318473816
0.9986095428466797
0.9955701231956482
0.9986132383346558
0.9996680021286011
0.9999850988388062
0.9998574256896973
0.9975078105926514
0.9985276460647583
0.999981164932251
0.994827926158905
0.9972227811813354
0.9997789263725281
0.9989570379257202
0.9991769194602966
0.9835007190704346
0.9992927312850952
0.8136887550354004
0.9997454285621643
0.9938393235206604
0.9999032020568848
0.8833642601966858
0.9605374336242676
0.9984266757965088
0.9995315074920654
0.9999871253967285
0.923902690410614
0.9990482926368713
0.9999614953994751
0.9993820190429688
0.9994705319404602
0.999884843826294
0.9953195452690125
0.999381422996521
0.9994049072265625
0.9982470273971558
0.9896200299263
0.992522656917572
0.9842253923416138
0.9983468055725098
0.9985161423683167
0.9996827840805054
0.5217165350914001
0.9985419511795044
0.9888062477111816
0.9994320273399353
0.9980989098548889
0.9434875249862671
0.9996987581253052
0.9827540516853333
0.9981630444526672
0.9978631138801575
0.99968421459198
0.9993175268173218
0.9996514320373535
0.9994909763336182
0.9996256828308105
0.9990915060043335
0.6348684430122375
0.9994305968284607
0.998391330242157
0.9991903901100159
0.9990288019180298
0.991323709487915
0.9888858795166016
0.9951143264770508
0.9935838580131531
0.5562390089035034
0.99933260679245
0.997351884841919
0.9993175268173218
0.9985249638557434
0.9993892908096313
0.9982591271400452
0.9994723200798035
0.9995158910751343
0.9490704536437988
0.9930208325386047
0.9883242845535278
0.9993002414703369
0.9959327578544617
0.9753159880638123
0.9998295307159424
0.9638375639915466
0.9998489618301392
0.9998446702957153
0.6940043568611145
0.9905529022216797
0.7690085768699646
0.9998219609260559
0.9995148181915283
0.9993547797203064
0.5629143714904785
0.9988583326339722
0.9992545247077942
0.9994847774505615
0.9993595480918884
0.9985249638557434
0.9993552565574646
0.999830961227417
0.999903678894043
0.9995977282524109
0.7389913201332092
0.9995337724685669
0.9996801614761353
0.9096570611000061
0.9989998936653137
0.998553454875946
0.9995217323303223
0.7176185250282288
0.9999443292617798
0.8673511147499084
0.9981367588043213
0.9988347887992859
0.999277651309967
0.5326072573661804
0.9997275471687317
0.9674216508865356
0.9380497336387634
0.9996379613876343
0.9971109628677368
0.7818920612335205
0.6940043568611145
0.9991355538368225
0.9986841082572937
0.9990705847740173
0.9998762607574463
0.998424768447876
0.9979661703109741
0.9998852014541626
0.9758560657501221
0.9991852641105652
0.9993608593940735
0.999904990196228
0.9970172643661499
0.9994182586669922
0.9917192459106445
0.9981562495231628
0.9987722039222717
0.9976685643196106
0.8625693917274475
0.9930208325386047
0.9996641874313354
0.9999595880508423
0.9864202737808228
0.9994015693664551
0.9991920590400696
0.9999195337295532
0.9998871088027954
0.9993352293968201
0.9967215657234192
0.9997199177742004
0.9995319843292236
0.96406489610672
0.9841963648796082
0.9999953508377075
0.9997283816337585
0.999163031578064
0.9312968850135803
0.9996763467788696
0.9998669624328613
0.9978426694869995
0.9988704323768616
0.9918940663337708
0.9998853206634521
0.9991409778594971
0.9972972273826599
0.9985812902450562
0.9993708729743958
0.9996827840805054
0.9995641112327576
0.9888924956321716
0.9979107975959778
0.9997789263725281
0.9993478655815125
0.996951699256897
0.9652227163314819
1.0
0.9999903440475464
0.9999803304672241
1.0
0.9994218349456787
0.9999971389770508
0.9999675750732422
0.9999387264251709
1.0
1.0
0.9999992847442627
0.9994940757751465
0.9999984502792358
1.0
1.0
0.9999996423721313
1.0
1.0
0.9999973773956299
0.9999880790710449
1.0
1.0
1.0
1.0
0.978287398815155
0.9999996423721313
1.0
1.0
0.9956116080284119
0.9928728342056274
1.0
0.9999998807907104
0.9870660901069641
0.9999685287475586
0.9795660376548767
1.0
1.0
1.0
1.0
1.0
0.9825419187545776
1.0
0.9998103976249695
1.0
0.9999995231628418
0.9988740086555481
1.0
1.0
0.9999997615814209
1.0
1.0
1.0
1.0
1.0
0.9999879598617554
0.9999995231628418
0.9999333620071411
1.0
0.9999990463256836
1.0
1.0
0.9999998807907104
0.9997044205665588
1.0
0.5273923277854919
1.0
1.0
1.0
1.0
0.980434775352478
1.0
0.9997854828834534
0.9939783811569214
0.9999998807907104
1.0
0.6919138431549072
0.9997417330741882
0.9999686479568481
1.0
1.0
1.0
0.9999954700469971
1.0
0.9999998807907104
1.0
1.0
1.0
1.0
1.0
0.9999985694885254
0.9999274015426636
0.9999984502792358
1.0
0.9999998807907104
1.0
0.9999924898147583
0.9999955892562866
1.0
0.999757707118988
0.9997301697731018
1.0
1.0
0.7632786631584167
1.0
1.0
0.9999994039535522
1.0
0.735458493232727
1.0
0.9999915361404419
0.999969482421875
1.0
1.0
1.0
1.0
1.0
0.9999964237213135
0.9991211295127869
0.9998401403427124
1.0
1.0
1.0
0.9999939203262329
0.9999992847442627
0.8750798106193542
0.9999998807907104
1.0
1.0
0.9999921321868896
0.9998940229415894
0.9999387264251709
1.0
1.0
0.9997052550315857
0.9999991655349731
1.0
0.9999912977218628
1.0
1.0
1.0
1.0
1.0
0.9999971389770508
0.9999997615814209
1.0
0.9304649829864502
1.0
1.0
1.0
0.9963613152503967
1.0
1.0
1.0
0.9999942779541016
0.9870222210884094
1.0
1.0
0.9741919636726379
0.9999988079071045
1.0
0.9999998807907104
0.9999997615814209
0.5289598107337952
0.9987950325012207
1.0
1.0
0.9997476935386658
1.0
1.0
1.0
1.0
1.0
1.0
1.0
0.9893509745597839
1.0
0.9999972581863403
1.0
0.9675713777542114
0.9699410796165466
1.0
0.9999998807907104
1.0
0.9999994039535522
1.0
0.9996650218963623
1.0
0.9999996423721313
0.9999998807907104
1.0
1.0
0.9999551773071289
1.0
1.0
1.0
0.9998227953910828
0.8632126450538635
1.0
0.989663302898407
0.9999998807907104
1.0
1.0
0.999968409538269
1.0
1.0
0.9999991655349731
0.9999978542327881
1.0
0.9999997615814209
1.0
0.9999420642852783
1.0
1.0
1.0
1.0
0.9999973773956299
1.0
0.9949446320533752
0.755569338798523
1.0
1.0
1.0
0.9999487400054932
0.9700910449028015
0.999686598777771
1.0
0.9999890327453613
1.0
0.6476098299026489
0.9994829893112183
1.0
1.0
0.9999994039535522
0.9999996423721313
0.999962329864502
0.9702497720718384
1.0
1.0
1.0
0.9985572695732117
1.0
1.0
1.0
1.0
1.0
1.0
0.9999963045120239
1.0
1.0
0.996239423751831
1.0
1.0
1.0
1.0
1.0
1.0
1.0
1.0
0.999940037727356
1.0
1.0
1.0
1.0
1.0
0.9999257326126099
1.0
1.0
1.0
1.0
0.9779458045959473
0.9999630451202393
0.9999982118606567
1.0
1.0
0.9995917677879333
1.0
0.9999890327453613
1.0
0.9999643564224243
1.0
0.9999991655349731
0.9999762773513794
1.0
1.0
0.9998804330825806
1.0
1.0
1.0
1.0
1.0
1.0
0.9994730353355408
0.9999990463256836
0.9990167617797852
1.0
1.0
1.0
1.0
1.0
1.0
1.0
1.0
1.0
0.7788596153259277
0.9960237741470337
1.0
1.0
1.0
0.999998927116394
1.0
1.0
1.0
0.9999998807907104
0.999996542930603
1.0
0.5148508548736572
1.0
1.0
1.0
1.0
0.9999997615814209
0.9999990463256836
1.0
0.9999915361404419
1.0
0.9999902248382568
0.9957743287086487
0.9711953997612
1.0
0.9999910593032837
0.9999996423721313
1.0
1.0
1.0
0.9999966621398926
0.9995144605636597
1.0
1.0
0.9999806880950928
1.0
1.0
1.0
1.0
1.0
0.9999998807907104
1.0
0.9999997615814209
0.9819029569625854
1.0
0.9999992847442627
1.0
1.0
1.0
0.9999974966049194
1.0
1.0
0.9999911785125732
0.9998264908790588
0.9999994039535522
1.0
1.0
0.9902185797691345
1.0
1.0
1.0
1.0
0.9999997615814209
1.0
1.0
0.9999908208847046
1.0
0.9685720801353455
0.9442755579948425
0.9999735355377197
0.5011814832687378
0.9999995231628418
1.0
0.9999537467956543
1.0
1.0
1.0
1.0
0.9999514818191528
0.9996658563613892
1.0
1.0
1.0
1.0
1.0
0.9999971389770508
1.0
0.9999995231628418
1.0
0.9999998807907104
0.9789546728134155
1.0
1.0
0.9634861946105957
1.0
0.9999996423721313
1.0
0.9304478764533997
0.865440845489502
1.0
0.9520446062088013
1.0
1.0
1.0
1.0
1.0
0.9937346577644348
0.9832808375358582
1.0
1.0
1.0
0.9597930908203125
0.999998927116394
1.0
0.9998899698257446
1.0
1.0
0.999901533126831
0.9999474287033081
0.9999994039535522
1.0
0.9996353387832642
0.9989303946495056
1.0
0.9999768733978271
1.0
0.9884448051452637
1.0
1.0
1.0
1.0
1.0
0.999997615814209
0.9972625970840454
1.0
1.0
0.9999629259109497
0.9999997615814209
1.0
1.0
1.0
0.9999998807907104
0.9427446722984314
0.9999992847442627
1.0
0.9911919236183167
1.0
1.0
1.0
0.9999997615814209
0.9999749660491943
0.9999943971633911
0.9999971389770508
1.0
0.9998303651809692
1.0
0.9980207681655884
0.5275722742080688
1.0
0.9857218265533447
0.723534345626831
1.0
1.0
0.9594674110412598
0.9999560117721558
1.0
1.0
0.999944806098938
1.0
0.9999998807907104
1.0
1.0
0.9684745669364929
1.0
1.0
1.0
1.0
1.0
1.0
1.0
0.9830764532089233
1.0
0.9993405938148499
1.0
1.0
1.0
1.0
1.0
1.0
0.9999998807907104
1.0
1.0
1.0
1.0
1.0
1.0
0.9996035695075989
1.0
1.0
0.9998462200164795
0.9999984502792358
0.9999988079071045
0.9999985694885254
1.0
0.8370935320854187
1.0
0.9999382495880127
0.8018976449966431
1.0
1.0
1.0
1.0
1.0
0.5537945628166199
0.9999998807907104
0.9999955892562866
1.0
0.9999918937683105
1.0
1.0
1.0
0.9938461184501648
1.0
1.0
0.999983549118042
1.0
1.0
1.0
0.9999977350234985
1.0
0.9998921155929565
0.9999915361404419
1.0
1.0
1.0
1.0
0.9905678629875183
0.9998114705085754
0.999618649482727
0.9999997615814209
0.999992847442627
0.9999995231628418
0.9999998807907104
0.999997615814209
1.0
1.0
0.9999077320098877
1.0
1.0
0.9478744268417358
0.9999998807907104
1.0
1.0
1.0
0.5214506983757019
0.9999998807907104
0.9998979568481445
0.9999998807907104
0.9993190765380859
0.9999983310699463
1.0
0.9979839324951172
0.9987554550170898
1.0
1.0
1.0
1.0
1.0
1.0
1.0
1.0
1.0
1.0
1.0
1.0
0.9987898468971252
1.0
1.0
1.0
1.0
1.0
1.0
0.969382643699646
1.0
0.9991099238395691
1.0
1.0
1.0
0.9999992847442627
0.9892916083335876
0.9999984502792358
0.9999995231628418
1.0
1.0
0.9772638082504272
1.0
1.0
0.9999682903289795
0.999997615814209
1.0
1.0
0.9999998807907104
1.0
0.7154999375343323
0.9999994039535522
1.0
1.0
1.0
1.0
1.0
0.9986718893051147
1.0
0.9992331266403198
0.9999998807907104
0.9999904632568359
1.0
0.5332698822021484
0.9682329893112183
0.9999998807907104
1.0
0.9986911416053772
1.0
1.0
0.9998648166656494
1.0
1.0
0.9999499320983887
0.9903351068496704
0.9999533891677856
0.9997614026069641
1.0
1.0
1.0
1.0
0.9289376735687256
1.0
1.0
0.9905678629875183
1.0
1.0
1.0
0.9992006421089172
1.0
1.0
0.9999856948852539
1.0
1.0
1.0
1.0
1.0
0.9999234676361084
1.0
1.0
1.0
1.0
0.9926214218139648
0.9997991919517517
1.0
0.9999988079071045
1.0
1.0
0.999885082244873
0.9999955892562866
1.0
1.0
1.0
1.0
0.9995757937431335
1.0
1.0
0.9913158416748047
1.0
1.0
1.0
1.0
0.9996022582054138
0.9999994039535522
1.0
0.9985795021057129
1.0
1.0
0.9997866749763489
0.9999864101409912
1.0
1.0
0.9999819993972778
1.0
1.0
1.0
1.0
0.999996542930603
0.9999998807907104
1.0
1.0
0.9999661445617676
1.0
1.0
0.9999743700027466
1.0
0.9998661279678345
1.0
1.0
1.0
0.999997615814209
1.0
1.0
1.0
1.0
1.0
0.9948571920394897
1.0
1.0
0.9998564720153809
0.9999681711196899
1.0
0.9996815919876099
1.0
0.9999586343765259
1.0
1.0
0.9997437596321106
1.0
1.0
1.0
0.9999992847442627
0.9931958913803101
1.0
1.0
1.0
0.9997846484184265
1.0
1.0
1.0
1.0
0.9931681156158447
0.999444305896759
0.9999959468841553
1.0
1.0
1.0
1.0
0.9957743287086487
1.0
1.0
0.9996176958084106
1.0
1.0
0.9999300241470337
1.0
1.0
1.0
1.0
1.0
1.0
1.0
0.9841869473457336
1.0
1.0
1.0
0.9999998807907104
0.9995885491371155
1.0
0.9999479055404663
0.9999984502792358
1.0
0.9999998807907104
0.9979439377784729
1.0
1.0
1.0
1.0
1.0
1.0
1.0
0.9999998807907104
1.0
1.0
1.0
1.0
0.9998927116394043
1.0
1.0
1.0
0.9999821186065674
1.0
1.0
0.9999996423721313
0.9761249423027039
1.0
1.0
1.0
1.0
1.0
1.0
1.0
1.0
0.9999998807907104
1.0
0.6254879832267761
1.0
0.6849953532218933
0.9999899864196777
1.0
1.0
1.0
0.9998185038566589
1.0
1.0
0.9999101161956787
0.9999942779541016
0.8790801167488098
0.9999923706054688
1.0
1.0
1.0
1.0
1.0
0.999998927116394
0.9999971389770508
1.0
0.9999998807907104
1.0
1.0
1.0
0.9999990463256836
0.9999977350234985
0.9999610185623169
1.0
1.0
0.9895883798599243
1.0
1.0
1.0
1.0
0.9656409621238708
0.9958590865135193
0.9999994039535522
1.0
0.9999834299087524
1.0
0.9895575642585754
0.9999994039535522
0.9999544620513916
0.9999377727508545
1.0
1.0
0.9999990463256836
0.9999998807907104
0.9999979734420776
1.0
0.9998168349266052
0.9999891519546509
1.0
1.0
1.0
1.0
1.0
1.0
1.0
0.9971598386764526
1.0
0.9999998807907104
0.9991797804832458
1.0
1.0
0.9999914169311523
0.9985858201980591
0.9999502897262573
1.0
1.0
1.0
1.0
1.0
1.0
0.9999998807907104
1.0
0.9973530769348145
0.9999996423721313
0.999904990196228
0.8482836484909058
0.9999908208847046
1.0
1.0
1.0
1.0
0.9999998807907104
1.0
0.9771745800971985
0.7576083540916443
1.0
1.0
1.0
0.9999512434005737
1.0
1.0
1.0
1.0
0.9994332194328308
1.0
0.9999867677688599
1.0
1.0
1.0
1.0
1.0
1.0
1.0
0.9996176958084106
0.9996722936630249
1.0
1.0
1.0
0.9999979734420776
0.9905967712402344
1.0
1.0
1.0
1.0
1.0
1.0
0.9993226528167725
0.9972513318061829
1.0
1.0
1.0
1.0
1.0
0.7633792161941528
0.9978618025779724
1.0
1.0
1.0
1.0
0.9996904134750366
1.0
0.9999918937683105
0.9999983310699463
0.9991279244422913
0.9900748133659363
0.9999985694885254
1.0
0.9993823766708374
1.0
0.9999974966049194
0.9998094439506531
1.0
0.9952805638313293
0.9999997615814209
0.9997417330741882
0.9999457597732544
1.0
1.0
1.0
0.8609493374824524
0.9999998807907104
1.0
1.0
1.0
1.0
1.0
0.9999997615814209
0.9996960163116455
1.0
0.9999746084213257
0.9997984766960144
1.0
1.0
0.5523350238800049
1.0
0.9699207544326782
0.9999985694885254
0.9999994039535522
0.9999545812606812
1.0
1.0
0.9999927282333374
1.0
1.0
0.6266801357269287
0.9981179237365723
0.9999997615814209
1.0
0.9999918937683105
1.0
0.993710994720459
1.0
0.9999998807907104
1.0
1.0
0.6523830890655518
0.9838724732398987
0.9997356534004211
1.0
1.0
0.9988320469856262
0.9986053109169006
0.9843467473983765
0.999996542930603
1.0
1.0
0.9997617602348328
1.0
1.0
0.9986670017242432
1.0
0.9970824122428894
0.6535428166389465
1.0
1.0
1.0
1.0
1.0
1.0
1.0
1.0
0.9999998807907104
1.0
0.9999954700469971
1.0
1.0
0.9954984188079834
1.0
1.0
0.9999898672103882
1.0
1.0
1.0
0.9999855756759644
0.9995023012161255
1.0
0.9999984502792358
0.9999998807907104
0.5886648893356323
0.9999459981918335
0.9979203343391418
1.0
1.0
0.9999984502792358
1.0
0.9289347529411316
1.0
0.9982615113258362
1.0
0.9993764758110046
0.9999979734420776
0.9998912811279297
1.0
0.9993182420730591
0.9999206066131592
0.9812782406806946
