0.998458743095398
0.999806821346283
0.9990977048873901
0.9977651834487915
0.9963359832763672
0.9996525049209595
0.9982472658157349
0.9995641112327576
0.9995461106300354
0.9988106489181519
0.9992601275444031
0.9403401613235474
0.9994414448738098
0.9996522665023804
0.998084306716919
0.9955175518989563
0.9997411370277405
0.9947172999382019
0.9995136260986328
0.9998849630355835
0.9984992742538452
0.9998243451118469
0.9996916055679321
0.9998095631599426
0.9912727475166321
0.9951362013816833
0.777505099773407
0.9429981708526611
0.9946050047874451
0.7805082201957703
0.9997808337211609
0.9897743463516235
0.9985647797584534
0.9978405237197876
0.996391236782074
0.9977009892463684
0.9993817806243896
0.9992358684539795
0.9666692614555359
0.9968339800834656
0.994510293006897
0.9968059062957764
0.9536094665527344
0.9999979734420776
0.9975211024284363
0.9820932149887085
0.9967250227928162
0.9981886744499207
0.9993476271629333
0.959925651550293
0.999836802482605
0.9921730756759644
0.9607359170913696
0.9982683658599854
0.9955409169197083
0.9994747042655945
0.9999709129333496
0.9983131885528564
0.9993056058883667
0.9980323910713196
0.9941871166229248
0.9756027460098267
0.9928170442581177
0.9997519850730896
0.9984577894210815
0.9998049139976501
0.9997995495796204
0.9983527660369873
0.9999721050262451
0.9996095299720764
0.9960948824882507
0.9966410398483276
0.8981819748878479
0.9997132420539856
0.9995403289794922
0.9976528286933899
0.9996734857559204
0.9992814660072327
0.98898845911026
0.9999865293502808
0.9991406202316284
0.9982699155807495
0.9432127475738525
0.9854523539543152
0.9982549548149109
0.9998196959495544
0.5111437439918518
0.9929209351539612
0.9998657703399658
0.9999985694885254
0.999688982963562
0.9709908962249756
0.9993789196014404
0.9892188906669617
0.9996651411056519
0.9993523955345154
0.9998264908790588
0.9996613264083862
0.9997448325157166
0.9971413016319275
0.9993723034858704
0.9999918937683105
0.9941281080245972
0.9997493624687195
0.9989147186279297
0.9822836518287659
0.9966024160385132
0.9996125102043152
0.7512181401252747
0.9950489401817322
0.9986987113952637
0.9994803071022034
0.9999139308929443
0.9991852641105652
0.9824051260948181
0.9956080317497253
0.9992121458053589
0.9994576573371887
0.6385027170181274
0.9995133876800537
0.9995079040527344
0.9190656542778015
0.9981378316879272
0.9992527365684509
0.9996236562728882
0.9997379183769226
0.9997026324272156
0.9994404911994934
0.9965639710426331
0.9997579455375671
0.9995858073234558
0.9998506307601929
0.7306961417198181
0.9937468767166138
0.9992148876190186
0.9991933703422546
0.9990935325622559
0.9944323897361755
0.9948012828826904
0.9964800477027893
0.9923673272132874
0.9999955892562866
0.9991834759712219
0.9982606768608093
0.9986476302146912
0.999688982963562
0.9765155911445618
0.9998691082000732
0.9986608028411865
0.9999797344207764
0.9996907711029053
0.9998071789741516
0.9995896220207214
0.9997130036354065
0.9994111061096191
0.9992851614952087
0.988375186920166
0.9998699426651001
0.8216490745544434
0.8980956077575684
0.9991307854652405
0.9956016540527344
0.9882189035415649
0.999985933303833
0.9967267513275146
0.9999617338180542
0.9991280436515808
0.9972054362297058
0.9978988170623779
0.9983727931976318
0.9956547021865845
0.9875614643096924
0.9947172999382019
0.9982472658157349
0.9996551275253296
0.9999233484268188
0.9993295669555664
0.9995655417442322
0.9996693134307861
0.5511883497238159
0.975959062576294
0.9679070115089417
0.999659538269043
0.9993352293968201
0.9991869330406189
0.9985870122909546
0.9960101842880249
0.9929884076118469
0.9994969367980957
0.9999724626541138
0.9969653487205505
0.9969869256019592
0.5290627479553223
0.9921654462814331
0.9994696974754333
0.9996830224990845
0.9334316253662109
0.9994972944259644
0.9962336421012878
0.9946386218070984
0.9974421262741089
0.9985947012901306
0.9997275471687317
0.9937514662742615
0.9994837045669556
0.9997726082801819
0.9996320009231567
0.9993002414703369
0.999742329120636
0.9996362924575806
0.6521108746528625
0.989158034324646
0.9999895095825195
0.9997844099998474
0.9937921166419983
0.9996966123580933
0.9978931546211243
0.998458743095398
0.9544980525970459
0.9985541701316833
0.9999333620071411
0.9981927275657654
0.999329686164856
0.9439988732337952
0.9994271993637085
0.9995031356811523
0.9968389272689819
0.5588352084159851
0.9999723434448242
0.9944720268249512
0.8991197347640991
0.9996861219406128
0.9990850687026978
0.9956187605857849
0.998836100101471
0.9386370778083801
0.9996789693832397
0.9996569156646729
0.9991554021835327
0.9993471503257751
0.9992204904556274
0.999005138874054
0.9993589520454407
0.9938393235206604
0.9416529536247253
0.9991840720176697
0.9904090166091919
0.9999890327453613
0.9997174143791199
0.9996362924575806
0.9998937845230103
0.9997362494468689
0.9976287484169006
0.9997977614402771
0.9998531341552734
0.9969426989555359
0.9982215762138367
0.9999650716781616
0.9996793270111084
0.9986329674720764
0.9999532699584961
0.9997372031211853
0.9992654919624329
0.9956790804862976
0.9951388835906982
0.9997575879096985
0.5827808380126953
0.9995824694633484
0.9999680519104004
0.9994353652000427
0.9972077012062073
0.9996583461761475
0.9996034502983093
0.9996374845504761
0.9995984435081482
0.9988294243812561
0.9352260231971741
0.9978970289230347
0.9997712969779968
0.9952561259269714
0.8996376395225525
0.9998475313186646
0.9893688559532166
0.9990703463554382
0.9908986687660217
0.9990184307098389
0.9904242157936096
0.9981555342674255
0.9961156845092773
0.9688705205917358
0.9977832436561584
0.9755836725234985
0.9995453953742981
0.9921654462814331
0.9964446425437927
0.9997503161430359
0.9669252038002014
0.5111362338066101
0.9995322227478027
0.9999078512191772
0.9877927899360657
0.9972055554389954
0.9993626475334167
0.986247718334198
0.9952892065048218
0.9999994039535522
0.9982852339744568
0.9984266757965088
0.999566376209259
0.5165922045707703
0.999002993106842
0.9998294115066528
0.9965773224830627
0.999778687953949
0.9966251850128174
0.9992673993110657
0.9999464750289917
0.8349871039390564
0.9997572302818298
0.9994028806686401
0.9971600770950317
0.9998664855957031
0.9995369911193848
0.999595582485199
0.9984367489814758
0.9987137317657471
0.9991602897644043
0.9482613205909729
0.9999561309814453
0.9999911785125732
0.9996685981750488
0.9994164705276489
0.9997511506080627
0.9994756579399109
0.9991546869277954
0.999957799911499
0.9986408352851868
0.9973243474960327
0.9995773434638977
0.9994440674781799
0.9999971389770508
0.9457327723503113
0.9990822076797485
0.9984385371208191
0.9952512979507446
0.9944803714752197
0.9989823698997498
0.9935663342475891
0.8946592807769775
0.9993904829025269
0.9976488947868347
0.9990931749343872
0.9987947940826416
0.9985880255699158
0.9985333681106567
0.9482668042182922
0.9998984336853027
0.9946349859237671
0.9910292625427246
0.9991770386695862
0.9996603727340698
0.9993435740470886
0.999659538269043
0.9994332194328308
0.999363362789154
0.7818912863731384
0.9962602853775024
0.9998766183853149
0.998156726360321
0.999269425868988
0.9998699426651001
0.998699426651001
0.9994134902954102
0.9956098198890686
0.9994854927062988
0.9905518293380737
0.9991421699523926
0.999363362789154
0.9999287128448486
0.7013468146324158
0.9998297691345215
0.9992326498031616
0.9998399019241333
0.9803440570831299
0.9998766183853149
0.9993712306022644
0.9652568101882935
0.9390647411346436
0.9989805817604065
0.9994284510612488
0.999555766582489
0.9995055198669434
0.9989998936653137
0.9995071887969971
0.9995647072792053
0.998816728591919
0.9986217021942139
0.9987642765045166
0.9994271993637085
0.9997429251670837
0.8899255990982056
0.5337610840797424
0.9978387951850891
0.9712897539138794
0.8625706434249878
0.9999856948852539
0.9999942779541016
0.9996495246887207
0.9990850687026978
0.9998924732208252
0.9230331182479858
0.543228030204773
0.994356095790863
0.9992883801460266
0.9977719187736511
0.9993160963058472
0.9997977614402771
0.9995162487030029
0.9990289211273193
0.9999892711639404
0.9994882345199585
0.9994353652000427
0.9946349859237671
0.9984048008918762
0.9994363188743591
0.9995748400688171
0.9996411800384521
0.9987524747848511
0.9111180305480957
0.9999995231628418
0.9982470273971558
0.9994847774505615
0.9997658133506775
0.8136892318725586
0.9996492862701416
0.9999701976776123
0.9984773993492126
0.9956786036491394
0.9993118047714233
0.9989564418792725
0.9981409311294556
0.9993189573287964
0.9999874830245972
0.9989833235740662
0.9991249442100525
0.9994891881942749
0.9982895255088806
0.9448137283325195
0.9990440011024475
0.9996868371963501
0.9891982674598694
0.9984478950500488
0.999836802482605
0.9918779134750366
0.9999779462814331
0.8845267295837402
0.9997996687889099
0.9987469911575317
0.9994920492172241
0.9963261485099792
0.9939224123954773
0.9990329742431641
0.9359304308891296
0.9610121846199036
0.8686087131500244
0.9995716214179993
0.9994096755981445
0.9982424974441528
0.9998952150344849
0.9998767375946045
0.9995527863502502
0.9998910427093506
0.9998145699501038
0.5289035439491272
0.9543286561965942
0.9997645020484924
0.9964491128921509
0.9996507167816162
0.9989339709281921
0.9978650212287903
0.9995467066764832
0.9239020347595215
0.9998832941055298
0.5582275390625
0.9989044666290283
0.9996531009674072
0.9982767105102539
0.9988632202148438
0.9833242893218994
0.9974421262741089
0.9979819059371948
0.9990885257720947
0.998995840549469
0.9998162388801575
0.9955881834030151
0.9997965693473816
0.9981874823570251
0.948172926902771
0.954950749874115
0.99952232837677
0.9949683547019958
0.9998924732208252
0.997363269329071
0.9919374585151672
0.9995133876800537
0.9986481070518494
0.9887564778327942
0.999993085861206
0.9995079040527344
0.9992761015892029
0.9995933175086975
0.8875911235809326
0.997556209564209
0.9983686804771423
0.9952405691146851
0.9991249442100525
0.9995429515838623
0.9993589520454407
0.999481737613678
0.9999468326568604
0.99933260679245
0.9979763627052307
0.9824051260948181
0.9482613205909729
0.9992409944534302
0.9852493405342102
0.9990360736846924
0.970595121383667
0.9935513734817505
0.9998183846473694
0.9962267875671387
0.9999804496765137
0.9998045563697815
0.9995055198669434
0.999984860420227
0.9979142546653748
0.6345802545547485
0.9891982674598694
0.9052004218101501
0.9995429515838623
0.9961227774620056
0.9994285702705383
0.9981980919837952
0.997183620929718
0.9999731779098511
0.9994820952415466
0.8765581250190735
0.9995728135108948
0.8899255990982056
0.9999198913574219
0.9991047978401184
0.9976679682731628
0.9986183643341064
0.997136116027832
0.9976320266723633
0.9979248046875
0.9985243678092957
0.999031662940979
0.9784142971038818
0.9984672665596008
0.5203459858894348
0.9699731469154358
0.9838431477546692
0.9995453953742981
0.9996247291564941
0.9994567036628723
0.9984577894210815
0.9970329999923706
0.9990184307098389
0.9994320273399353
0.8173912763595581
0.9999532699584961
0.7976198792457581
0.9997891783714294
0.9992631077766418
0.9316059947013855
0.9405525922775269
0.9997707009315491
0.9973243474960327
0.999121367931366
0.9984059929847717
0.9979938268661499
0.9999041557312012
0.8628764748573303
0.9991785883903503
0.9992838501930237
0.9955645799636841
0.9650964736938477
0.9965773224830627
0.9994083642959595
0.9998835325241089
0.9994969367980957
0.9990341663360596
0.9996227025985718
0.9989305138587952
0.9524695873260498
0.9837653040885925
0.9988676309585571
0.998507559299469
0.975315511226654
0.994751513004303
0.9991936087608337
0.9983250498771667
0.9837245941162109
0.9996789693832397
0.889485239982605
0.9976130723953247
0.9972077012062073
0.9951996803283691
0.9996793270111084
0.9980738162994385
0.9998562335968018
0.984296977519989
0.9996217489242554
0.9981135129928589
0.9993157386779785
0.9997056126594543
0.9999957084655762
0.9992617964744568
0.9994300007820129
0.9954836368560791
0.9986880421638489
0.9994263648986816
0.9993478655815125
0.9796366691589355
0.9990125894546509
0.5663725137710571
0.9991320967674255
0.9996328353881836
0.9930047392845154
0.980815052986145
0.9991849064826965
0.9999576807022095
0.9820932149887085
0.9921215772628784
0.9999510049819946
0.99782395362854
0.9965170621871948
0.9945251941680908
0.9973646998405457
0.7627220153808594
0.9218773245811462
0.9992749094963074
0.999874472618103
0.9994695782661438
0.9997132420539856
0.999964714050293
0.6943426132202148
0.9988538026809692
0.9981874823570251
0.9996024966239929
0.9999881982803345
0.9977719187736511
0.9997597336769104
0.9998199343681335
0.9993871450424194
0.9892590641975403
0.9990978240966797
0.9997668862342834
0.9985243678092957
0.9996764659881592
0.9993368983268738
0.9996277093887329
0.9975982308387756
0.999915361404419
0.9994786381721497
0.9998910427093506
0.999687671661377
0.9945887327194214
0.9997448325157166
0.9978771209716797
0.9976381063461304
0.695274829864502
0.9945304989814758
0.9997645020484924
0.9995274543762207
0.7976198792457581
0.9145577549934387
0.9993540644645691
0.9994871616363525
0.9997888207435608
0.9946386218070984
0.9999487400054932
0.9994921684265137
0.5052582621574402
0.9975743889808655
0.9997150301933289
0.9999829530715942
0.9888923764228821
0.9856687784194946
0.7775209546089172
0.9711067080497742
0.999784529209137
0.9985042810440063
0.6202083826065063
0.9517126083374023
0.999768078327179
0.9996949434280396
0.988059937953949
0.9997718930244446
0.9988265633583069
0.6616582870483398
0.9986839890480042
0.9994958639144897
0.8005708456039429
0.8822870850563049
0.9988099336624146
0.9998446702957153
0.9911612272262573
0.9988314509391785
0.9996156692504883
0.9919493198394775
0.9993367791175842
0.9997648596763611
0.9958627223968506
0.9991216063499451
0.5046596527099609
0.9986286163330078
0.9991040825843811
0.9899168610572815
0.9992905855178833
0.9999041557312012
0.9990683197975159
0.9995050430297852
0.9999233484268188
0.9998774528503418
0.9994871616363525
0.9999454021453857
0.999430239200592
0.996152937412262
0.950790524482727
0.9996618032455444
0.9793241620063782
0.9821248054504395
0.9976252913475037
0.9999336004257202
0.9993669390678406
0.9990112781524658
0.9993220567703247
0.997653067111969
0.8315601348876953
0.998782217502594
0.9965639710426331
0.9999915361404419
0.9996366500854492
0.9999669790267944
0.9990978240966797
0.9904753565788269
0.9988183379173279
0.9992551207542419
0.9995580315589905
0.9977414608001709
0.9978488683700562
0.9999985694885254
0.9993522763252258
0.9983820915222168
0.9997279047966003
0.9999346733093262
0.9944679737091064
0.9994645714759827
0.999958872795105
0.9970377683639526
0.9969813227653503
0.999985933303833
0.9981264472007751
0.9950710535049438
0.9998001456260681
0.9994035959243774
0.99835604429245
0.998424768447876
0.998430073261261
0.9996196031570435
0.8313971757888794
0.9994128942489624
0.9997521042823792
0.9999669790267944
0.8744687438011169
0.9978364109992981
0.9992976188659668
0.9956153631210327
0.9994845390319824
0.999945878982544
0.9945799112319946
0.999996542930603
0.9999736547470093
0.5588352084159851
0.8005708456039429
0.999935507774353
0.991692066192627
0.9991742968559265
0.9991389513015747
0.9961227774620056
0.9935082197189331
0.9997223019599915
0.9448137283325195
0.9784142971038818
0.9998062252998352
0.999980092048645
0.9999092817306519
0.9995228052139282
0.996951699256897
0.9564713835716248
0.9968030452728271
0.9967999458312988
0.999790370464325
0.5139895081520081
0.9983686804771423
0.9916350841522217
0.9992499947547913
0.9995135068893433
0.9992222785949707
0.9976551532745361
0.9919493198394775
0.9916350841522217
0.8648974895477295
0.999957799911499
0.9996813535690308
0.9993160963058472
0.9882882237434387
0.9997138381004333
0.9988617897033691
0.9945038557052612
0.9982591271400452
0.9979026317596436
0.9997664093971252
0.9935663342475891
0.9977099895477295
0.9993612170219421
0.9929209351539612
0.9999666213989258
0.9981378316879272
0.9997393488883972
0.9652226567268372
0.5098867416381836
0.9962465167045593
0.998504638671875
0.9962602853775024
0.9989944100379944
0.9931880235671997
0.9980185031890869
0.6768856644630432
0.99992835521698
0.9901335835456848
0.9995972514152527
0.9999672174453735
0.5113229751586914
0.931048572063446
0.9999723434448242
0.9976685643196106
0.9987490177154541
0.9999433755874634
0.9985677003860474
0.998955488204956
0.9997511506080627
0.988987147808075
0.9999934434890747
0.9712375402450562
0.9999748468399048
0.9951862692832947
0.9815441370010376
0.9997031092643738
0.9952892065048218
0.9995716214179993
0.9998773336410522
0.9983548521995544
0.9911841154098511
0.9991554021835327
0.8773084878921509
0.9995043277740479
0.9991546869277954
0.9997480511665344
0.9988897442817688
0.9981611371040344
0.6290084719657898
0.8607887029647827
0.9998984336853027
0.5717213153839111
0.9994283318519592
0.9955053329467773
0.9929607510566711
0.9986095428466797
0.9955701231956482
0.9986132383346558
0.9996680021286011
0.9999850988388062
0.9998574256896973
0.9975079298019409
0.9985276460647583
0.999981164932251
0.994827926158905
0.9972227811813354
0.9997789263725281
0.9989570379257202
0.9991770386695862
0.9835007190704346
0.9992927312850952
0.8136892318725586
0.9997454285621643
0.9938393235206604
0.9999032020568848
0.8833670616149902
0.9605377912521362
0.9984266757965088
0.9995315074920654
0.9999871253967285
0.9239020347595215
0.9990482926368713
0.9999614953994751
0.9993820190429688
0.9994705319404602
0.999884843826294
0.9953195452690125
0.999381422996521
0.9994049072265625
0.9982470273971558
0.9896200299263
0.9925227761268616
0.9842252731323242
0.9983468055725098
0.9985161423683167
0.9996827840805054
0.5217169523239136
0.9985419511795044
0.9888060092926025
0.9994320273399353
0.9980989098548889
0.943487286567688
0.9996987581253052
0.9827539920806885
0.9981630444526672
0.9978631138801575
0.99968421459198
0.9993175268173218
0.9996514320373535
0.9994909763336182
0.9996256828308105
0.9990915060043335
0.6348584294319153
0.9994305968284607
0.998391330242157
0.9991903901100159
0.9990288019180298
0.9913235902786255
0.9888858795166016
0.9951144456863403
0.9935838580131531
0.556236207485199
0.99933260679245
0.997351884841919
0.9993175268173218
0.9985249638557434
0.9993892908096313
0.9982591271400452
0.9994723200798035
0.9995158910751343
0.9490709900856018
0.9930208325386047
0.9883242845535278
0.9993002414703369
0.9959326386451721
0.975315511226654
0.9998295307159424
0.9638375639915466
0.9998489618301392
0.9998446702957153
0.6940045952796936
0.9905529022216797
0.7690134048461914
0.9998219609260559
0.9995148181915283
0.9993547797203064
0.5629141330718994
0.9988584518432617
0.9992546439170837
0.9994847774505615
0.9993595480918884
0.9985249638557434
0.9993552565574646
0.999830961227417
0.999903678894043
0.9995977282524109
0.7389930486679077
0.9995337724685669
0.9996801614761353
0.909655749797821
0.9990000128746033
0.998553454875946
0.9995217323303223
0.7176104784011841
0.9999443292617798
0.8673468828201294
0.9981367588043213
0.9988347887992859
0.999277651309967
0.5326048135757446
0.9997275471687317
0.9674215316772461
0.9380514621734619
0.9996379613876343
0.9971109628677368
0.7818912863731384
0.6940045952796936
0.9991355538368225
0.9986841082572937
0.9990705847740173
0.9998762607574463
0.998424768447876
0.9979661703109741
0.9998852014541626
0.9758559465408325
0.9991852641105652
0.9993608593940735
0.999904990196228
0.9970172643661499
0.9994182586669922
0.9917192459106445
0.9981562495231628
0.9987722039222717
0.9976685643196106
0.8625706434249878
0.9930208325386047
0.9996641874313354
0.9999595880508423
0.9864202737808228
0.9994015693664551
0.9991920590400696
0.9999195337295532
0.9998871088027954
0.9993352293968201
0.9967215657234192
0.9997199177742004
0.9995319843292236
0.9640645384788513
0.9841963648796082
0.9999953508377075
0.9997283816337585
0.999163031578064
0.9312978982925415
0.9996763467788696
0.9998669624328613
0.9978427886962891
0.9988704323768616
0.9918940663337708
0.9998853206634521
0.9991409778594971
0.9972972273826599
0.9985812902450562
0.9993708729743958
0.9996827840805054
0.9995641112327576
0.9888923764228821
0.9979107975959778
0.9997789263725281
0.9993478655815125
0.996951699256897
0.9652226567268372
1.0
0.9999903440475464
0.9999803304672241
1.0
0.9994218349456787
0.9999971389770508
0.9999675750732422
0.9999387264251709
1.0
1.0
0.9999992847442627
0.9994940757751465
0.9999984502792358
1.0
1.0
0.9999996423721313
1.0
1.0
0.9999973773956299
0.9999880790710449
1.0
1.0
1.0
1.0
0.9782876372337341
0.9999996423721313
1.0
1.0
0.9956116080284119
0.9928727149963379
1.0
0.9999998807907104
0.9870662093162537
0.9999685287475586
0.9795661568641663
1.0
1.0
1.0
1.0
1.0
0.9825421571731567
1.0
0.9998103976249695
1.0
0.9999995231628418
0.9988740086555481
1.0
1.0
0.9999997615814209
1.0
1.0
1.0
1.0
1.0
0.9999879598617554
0.9999995231628418
0.9999333620071411
1.0
0.9999990463256836
1.0
1.0
0.9999998807907104
0.9997044205665588
1.0
0.5273928642272949
1.0
1.0
1.0
1.0
0.9804347157478333
1.0
0.9997854828834534
0.9939782619476318
0.9999998807907104
1.0
0.6919143795967102
0.9997417330741882
0.9999686479568481
1.0
1.0
1.0
0.9999954700469971
1.0
0.9999998807907104
1.0
1.0
1.0
1.0
1.0
0.9999985694885254
0.9999274015426636
0.9999984502792358
1.0
0.9999998807907104
1.0
0.9999924898147583
0.9999955892562866
1.0
0.999757707118988
0.9997301697731018
1.0
1.0
0.763279378414154
1.0
1.0
0.9999994039535522
1.0
0.7354577779769897
1.0
0.9999915361404419
0.999969482421875
1.0
1.0
1.0
1.0
1.0
0.9999964237213135
0.9991211295127869
0.9998401403427124
1.0
1.0
1.0
0.9999939203262329
0.9999992847442627
0.8750801682472229
0.9999998807907104
1.0
1.0
0.9999921321868896
0.9998940229415894
0.9999387264251709
1.0
1.0
0.9997052550315857
0.9999991655349731
1.0
0.9999912977218628
1.0
1.0
1.0
1.0
1.0
0.9999971389770508
0.9999997615814209
1.0
0.9304649829864502
1.0
1.0
1.0
0.9963614344596863
1.0
1.0
1.0
0.9999942779541016
0.9870222210884094
1.0
1.0
0.9741919636726379
0.9999988079071045
1.0
0.9999998807907104
0.9999997615814209
0.5289599299430847
0.9987950325012207
1.0
1.0
0.9997476935386658
1.0
1.0
1.0
1.0
1.0
1.0
1.0
0.9893508553504944
1.0
0.9999972581863403
1.0
0.9675713181495667
0.9699413776397705
1.0
0.9999998807907104
1.0
0.9999994039535522
1.0
0.9996650218963623
1.0
0.9999996423721313
0.9999998807907104
1.0
1.0
0.9999551773071289
1.0
1.0
1.0
0.9998227953910828
0.8632124662399292
1.0
0.9896631836891174
0.9999998807907104
1.0
1.0
0.999968409538269
1.0
1.0
0.9999991655349731
0.9999978542327881
1.0
0.9999997615814209
1.0
0.9999420642852783
1.0
1.0
1.0
1.0
0.9999973773956299
1.0
0.9949446320533752
0.7555687427520752
1.0
1.0
1.0
0.9999487400054932
0.9700908064842224
0.999686598777771
1.0
0.9999890327453613
1.0
0.6476096510887146
0.9994829893112183
1.0
1.0
0.9999994039535522
0.9999996423721313
0.999962329864502
0.970249593257904
1.0
1.0
1.0
0.9985572695732117
1.0
1.0
1.0
1.0
1.0
1.0
0.9999963045120239
1.0
1.0
0.996239423751831
1.0
1.0
1.0
1.0
1.0
1.0
1.0
1.0
0.999940037727356
1.0
1.0
1.0
1.0
1.0
0.9999257326126099
1.0
1.0
1.0
1.0
0.9779455661773682
0.9999630451202393
0.9999982118606567
1.0
1.0
0.9995917677879333
1.0
0.9999890327453613
1.0
0.9999643564224243
1.0
0.9999991655349731
0.9999762773513794
1.0
1.0
0.9998804330825806
1.0
1.0
1.0
1.0
1.0
1.0
0.9994730353355408
0.9999990463256836
0.9990167617797852
1.0
1.0
1.0
1.0
1.0
1.0
1.0
1.0
1.0
0.778859555721283
0.9960237741470337
1.0
1.0
1.0
0.999998927116394
1.0
1.0
1.0
0.9999998807907104
0.999996542930603
1.0
0.5148508548736572
1.0
1.0
1.0
1.0
0.9999997615814209
0.9999990463256836
1.0
0.9999915361404419
1.0
0.9999902248382568
0.9957743287086487
0.9711952805519104
1.0
0.9999910593032837
0.9999996423721313
1.0
1.0
1.0
0.9999966621398926
0.9995144605636597
1.0
1.0
0.9999806880950928
1.0
1.0
1.0
1.0
1.0
0.9999998807907104
1.0
0.9999997615814209
0.981903076171875
1.0
0.9999992847442627
1.0
1.0
1.0
0.9999974966049194
1.0
1.0
0.9999911785125732
0.9998264908790588
0.9999994039535522
1.0
1.0
0.990218460559845
1.0
1.0
1.0
1.0
0.9999997615814209
1.0
1.0
0.9999908208847046
1.0
0.9685723781585693
0.9442755579948425
0.9999735355377197
0.5011815428733826
0.9999995231628418
1.0
0.9999537467956543
1.0
1.0
1.0
1.0
0.9999514818191528
0.9996658563613892
1.0
1.0
1.0
1.0
1.0
0.9999971389770508
1.0
0.9999995231628418
1.0
0.9999998807907104
0.9789543747901917
1.0
1.0
0.9634860754013062
1.0
0.9999996423721313
1.0
0.9304494857788086
0.8654414415359497
1.0
0.9520440697669983
1.0
1.0
1.0
1.0
1.0
0.9937345385551453
0.9832806587219238
1.0
1.0
1.0
0.9597942233085632
0.999998927116394
1.0
0.9998898506164551
1.0
1.0
0.999901533126831
0.9999474287033081
0.9999994039535522
1.0
0.9996353387832642
0.9989305138587952
1.0
0.9999768733978271
1.0
0.9884446859359741
1.0
1.0
1.0
1.0
1.0
0.999997615814209
0.9972625970840454
1.0
1.0
0.9999629259109497
0.9999997615814209
1.0
1.0
1.0
0.9999998807907104
0.9427445530891418
0.9999992847442627
1.0
0.9911919236183167
1.0
1.0
1.0
0.9999997615814209
0.9999749660491943
0.9999943971633911
0.9999971389770508
1.0
0.9998303651809692
1.0
0.9980207681655884
0.527571976184845
1.0
0.9857220649719238
0.7235339283943176
1.0
1.0
0.9594677090644836
0.9999560117721558
1.0
1.0
0.999944806098938
1.0
0.9999998807907104
1.0
1.0
0.9684746861457825
1.0
1.0
1.0
1.0
1.0
1.0
1.0
0.9830766916275024
1.0
0.9993405938148499
1.0
1.0
1.0
1.0
1.0
1.0
0.9999998807907104
1.0
1.0
1.0
1.0
1.0
1.0
0.9996036887168884
1.0
1.0
0.9998462200164795
0.9999984502792358
0.9999988079071045
0.9999985694885254
1.0
0.8370945453643799
1.0
0.9999382495880127
0.8018984198570251
1.0
1.0
1.0
1.0
1.0
0.553794801235199
0.9999998807907104
0.9999955892562866
1.0
0.9999918937683105
1.0
1.0
1.0
0.9938463568687439
1.0
1.0
0.999983549118042
1.0
1.0
1.0
0.9999977350234985
1.0
0.9998921155929565
0.9999915361404419
1.0
1.0
1.0
1.0
0.9905676245689392
0.999811589717865
0.999618649482727
0.9999997615814209
0.999992847442627
0.9999995231628418
0.9999998807907104
0.999997615814209
1.0
1.0
0.9999077320098877
1.0
1.0
0.9478752613067627
0.9999998807907104
1.0
1.0
1.0
0.5214531421661377
0.9999998807907104
0.9998979568481445
0.9999998807907104
0.9993190765380859
0.9999983310699463
1.0
0.9979839324951172
0.9987554550170898
1.0
1.0
1.0
1.0
1.0
1.0
1.0
1.0
1.0
1.0
1.0
1.0
0.9987898468971252
1.0
1.0
1.0
1.0
1.0
1.0
0.9693825244903564
1.0
0.9991099238395691
1.0
1.0
1.0
0.9999992847442627
0.9892916083335876
0.9999984502792358
0.9999995231628418
1.0
1.0
0.9772639274597168
1.0
1.0
0.9999682903289795
0.999997615814209
1.0
1.0
0.9999998807907104
1.0
0.7154998779296875
0.9999994039535522
1.0
1.0
1.0
1.0
1.0
0.9986718893051147
1.0
0.9992331266403198
0.9999998807907104
0.9999904632568359
1.0
0.5332697033882141
0.9682326316833496
0.9999998807907104
1.0
0.9986911416053772
1.0
1.0
0.9998648166656494
1.0
1.0
0.9999499320983887
0.99033522605896
0.9999533891677856
0.9997614026069641
1.0
1.0
1.0
1.0
0.928937554359436
1.0
1.0
0.9905676245689392
1.0
1.0
1.0
0.9992006421089172
1.0
1.0
0.9999856948852539
1.0
1.0
1.0
1.0
1.0
0.9999234676361084
1.0
1.0
1.0
1.0
0.9926214218139648
0.9997991919517517
1.0
0.9999988079071045
1.0
1.0
0.999885082244873
0.9999955892562866
1.0
1.0
1.0
1.0
0.9995757937431335
1.0
1.0
0.9913159608840942
1.0
1.0
1.0
1.0
0.9996022582054138
0.9999994039535522
1.0
0.9985795021057129
1.0
1.0
0.9997866749763489
0.9999864101409912
1.0
1.0
0.9999819993972778
1.0
1.0
1.0
1.0
0.999996542930603
0.9999998807907104
1.0
1.0
0.9999661445617676
1.0
1.0
0.9999743700027466
1.0
0.9998661279678345
1.0
1.0
1.0
0.999997615814209
1.0
1.0
1.0
1.0
1.0
0.9948571920394897
1.0
1.0
0.9998564720153809
0.9999681711196899
1.0
0.9996815919876099
1.0
0.9999586343765259
1.0
1.0
0.9997437596321106
1.0
1.0
1.0
0.9999992847442627
0.9931958913803101
1.0
1.0
1.0
0.9997846484184265
1.0
1.0
1.0
1.0
0.9931681156158447
0.999444305896759
0.9999959468841553
1.0
1.0
1.0
1.0
0.9957743287086487
1.0
1.0
0.9996176958084106
1.0
1.0
0.9999300241470337
1.0
1.0
1.0
1.0
1.0
1.0
1.0
0.9841864705085754
1.0
1.0
1.0
0.9999998807907104
0.9995885491371155
1.0
0.9999479055404663
0.9999984502792358
1.0
0.9999998807907104
0.9979438185691833
1.0
1.0
1.0
1.0
1.0
1.0
1.0
0.9999998807907104
1.0
1.0
1.0
1.0
0.9998927116394043
1.0
1.0
1.0
0.9999821186065674
1.0
1.0
0.9999996423721313
0.9761245250701904
1.0
1.0
1.0
1.0
1.0
1.0
1.0
1.0
0.9999998807907104
1.0
0.6254892945289612
1.0
0.684994101524353
0.9999899864196777
1.0
1.0
1.0
0.9998185038566589
1.0
1.0
0.9999101161956787
0.9999942779541016
0.879081130027771
0.9999923706054688
1.0
1.0
1.0
1.0
1.0
0.999998927116394
0.9999971389770508
1.0
0.9999998807907104
1.0
1.0
1.0
0.9999990463256836
0.9999977350234985
0.9999610185623169
1.0
1.0
0.9895883798599243
1.0
1.0
1.0
1.0
0.9656408429145813
0.9958590865135193
0.9999994039535522
1.0
0.9999834299087524
1.0
0.9895575642585754
0.9999994039535522
0.9999544620513916
0.9999377727508545
1.0
1.0
0.9999990463256836
0.9999998807907104
0.9999979734420776
1.0
0.9998168349266052
0.9999891519546509
1.0
1.0
1.0
1.0
1.0
1.0
1.0
0.9971598386764526
1.0
0.9999998807907104
0.9991797804832458
1.0
1.0
0.9999914169311523
0.9985858201980591
0.9999502897262573
1.0
1.0
1.0
1.0
1.0
1.0
0.9999998807907104
1.0
0.9973530769348145
0.9999996423721313
0.999904990196228
0.8482831716537476
0.9999908208847046
1.0
1.0
1.0
1.0
0.9999998807907104
1.0
0.9771745800971985
0.7576076984405518
1.0
1.0
1.0
0.9999512434005737
1.0
1.0
1.0
1.0
0.9994332194328308
1.0
0.9999867677688599
1.0
1.0
1.0
1.0
1.0
1.0
1.0
0.9996176958084106
0.9996722936630249
1.0
1.0
1.0
0.9999979734420776
0.9905966520309448
1.0
1.0
1.0
1.0
1.0
1.0
0.9993226528167725
0.9972512125968933
1.0
1.0
1.0
1.0
1.0
0.7633861303329468
0.9978618025779724
1.0
1.0
1.0
1.0
0.9996904134750366
1.0
0.9999918937683105
0.9999983310699463
0.9991279244422913
0.9900746941566467
0.9999985694885254
1.0
0.9993823766708374
1.0
0.9999974966049194
0.9998094439506531
1.0
0.9952805638313293
0.9999997615814209
0.9997417330741882
0.9999457597732544
1.0
1.0
1.0
0.8609489798545837
0.9999998807907104
1.0
1.0
1.0
1.0
1.0
0.9999997615814209
0.9996960163116455
1.0
0.9999746084213257
0.9997984766960144
1.0
1.0
0.5523341298103333
1.0
0.969919741153717
0.9999985694885254
0.9999994039535522
0.9999545812606812
1.0
1.0
0.9999927282333374
1.0
1.0
0.6266793608665466
0.9981178045272827
0.9999997615814209
1.0
0.9999918937683105
1.0
0.993710994720459
1.0
0.9999998807907104
1.0
1.0
0.6523832678794861
0.9838723540306091
0.9997356534004211
1.0
1.0
0.9988320469856262
0.9986053109169006
0.9843465089797974
0.999996542930603
1.0
1.0
0.9997616410255432
1.0
1.0
0.9986670017242432
1.0
0.9970824122428894
0.6535443663597107
1.0
1.0
1.0
1.0
1.0
1.0
1.0
1.0
0.9999998807907104
1.0
0.9999954700469971
1.0
1.0
0.9954985976219177
1.0
1.0
0.9999898672103882
1.0
1.0
1.0
0.9999855756759644
0.9995021820068359
1.0
0.9999984502792358
0.9999998807907104
0.5886650681495667
0.9999459981918335
0.9979203343391418
1.0
1.0
0.9999984502792358
1.0
0.9289335608482361
1.0
0.9982615113258362
1.0
0.9993764758110046
0.9999979734420776
0.9998912811279297
1.0
0.9993183612823486
0.9999206066131592
0.9812784790992737
