0.5367233157157898
0.9996411800384521
0.8224740624427795
0.9999600648880005
0.9990813732147217
1.0
0.9889782071113586
0.9349945783615112
0.8992418050765991
0.9999998807907104
0.9999998807907104
0.9347630143165588
0.9957420229911804
0.9999926090240479
0.9997479319572449
1.0
0.8978478908538818
0.5093782544136047
1.0
0.7533485889434814
0.5062784552574158
0.5109248161315918
0.5063086748123169
0.8008871078491211
0.5628149509429932
0.9945401549339294
0.5835897326469421
0.9999998807907104
0.8608018755912781
0.9969292283058167
0.9998569488525391
0.9961639642715454
0.5209487080574036
0.8988315463066101
0.9827339053153992
0.8922404050827026
0.7578798532485962
0.9986226558685303
0.9623594284057617
0.9352312088012695
0.9974637031555176
0.9968296885490417
0.512213408946991
0.9808623194694519
0.7878000140190125
0.9428034424781799
0.7444095015525818
0.918732762336731
0.6429260969161987
0.8239955306053162
0.9678922295570374
0.994843602180481
0.5013408660888672
0.5208239555358887
0.8434351086616516
0.861918032169342
0.6646938323974609
0.8689510226249695
0.6492003202438354
0.9999109506607056
0.8639068603515625
0.9975038170814514
0.8119593858718872
0.8671742081642151
0.5294074416160583
0.5417367815971375
0.9982872605323792
0.961637020111084
0.5150154829025269
0.9887579083442688
0.9999605417251587
0.6065747737884521
0.8181424736976624
0.9397485256195068
0.5740807056427002
0.9984433054924011
0.5081674456596375
0.82867431640625
0.9934007525444031
0.9991470575332642
0.5235567092895508
0.5676678419113159
0.7460898756980896
0.836415708065033
0.9196050763130188
0.504118800163269
0.5878959894180298
0.5101813673973083
0.9720503687858582
0.5105881690979004
0.9989412426948547
0.7678540945053101
0.8963789939880371
0.9878107309341431
0.9683018326759338
0.9998505115509033
0.95720374584198
0.6169472932815552
0.9952852129936218
0.7147195935249329
0.7872381210327148
0.9999973773956299
0.8817108869552612
0.9960954785346985
0.6837952733039856
0.5023627281188965
0.5404406785964966
0.7553067207336426
0.9660822153091431
0.9999994039535522
0.8958665728569031
0.8158307075500488
0.5672812461853027
0.6694037914276123
0.9999997615814209
0.9996107220649719
0.9999936819076538
0.9962731599807739
0.5011454820632935
0.9999736547470093
0.5829150676727295
0.7653536796569824
0.9910715222358704
0.6261157989501953
0.9999849796295166
0.8243004679679871
0.7712357044219971
0.9604774117469788
0.7796131372451782
0.5028533339500427
0.9405694603919983
0.9916075468063354
0.7217455506324768
0.812632143497467
0.7977456450462341
0.5021221041679382
0.5184766054153442
0.6132643222808838
0.5227678418159485
0.9766615033149719
0.617925763130188
0.6363903284072876
0.9412716031074524
0.9999858140945435
0.812222421169281
0.8291497230529785
0.5261393785476685
0.5087814331054688
0.9999833106994629
0.99847811460495
0.5739424228668213
0.5390200018882751
0.996626615524292
0.8886870741844177
0.5020198822021484
0.616133451461792
0.5899845361709595
0.5110213160514832
0.9925852417945862
0.8354541659355164
0.9519314169883728
0.9999966621398926
0.664050817489624
0.9846952557563782
0.7306215763092041
0.5042024254798889
0.9004971981048584
0.5127431750297546
0.5361830592155457
0.5088965892791748
0.5011203289031982
0.7294832468032837
0.5078016519546509
0.6813735365867615
0.9817410111427307
0.9860966801643372
0.6419937610626221
0.6876811385154724
0.5966417193412781
0.999646782875061
0.8298150897026062
0.9847687482833862
0.9397481083869934
0.9981709718704224
0.980701744556427
0.51003098487854
0.966966450214386
0.968907356262207
0.9278523325920105
0.982947051525116
0.9672320485115051
0.9982477426528931
0.6709384322166443
0.9995872378349304
0.7043810486793518
0.9998268485069275
0.9999994039535522
0.5540871024131775
0.5655732154846191
0.6907538771629333
0.6197508573532104
0.7733845710754395
0.7057670950889587
0.5259917378425598
0.809833288192749
0.8879461288452148
0.8629521727561951
0.9715080857276917
0.5084653496742249
0.9999024868011475
0.5793461799621582
0.5176560878753662
0.9993460774421692
1.0
0.9658063650131226
0.9997479319572449
0.7674540877342224
0.9857358336448669
0.7852262258529663
0.792231023311615
0.6054078936576843
0.5084874033927917
0.9987087249755859
0.5084459781646729
0.5293537974357605
0.511141836643219
0.6249912977218628
0.5647664070129395
0.5088229179382324
1.0
0.8771615028381348
0.8384943604469299
0.5136411190032959
0.90578293800354
0.5094936490058899
0.5107046961784363
0.9966625571250916
0.9923115372657776
0.969436764717102
0.8428732752799988
0.8175086379051208
0.8294551372528076
0.606552004814148
0.6146788001060486
0.6059358716011047
0.8892106413841248
0.9001640677452087
0.5100210905075073
0.5724843144416809
0.9694442749023438
0.9715918302536011
0.9732564091682434
0.9866783618927002
0.999982476234436
0.8351364135742188
0.8655009269714355
0.9925950169563293
0.9917696714401245
0.990502119064331
0.7321708798408508
0.7942999601364136
0.9999935626983643
0.9999874830245972
0.9982013702392578
0.9843629002571106
0.9890066385269165
0.9232706427574158
0.6348667144775391
0.9205130934715271
0.9987694621086121
0.9085654616355896
0.8259835243225098
0.9957191348075867
0.638739287853241
0.6364287734031677
0.9997225403785706
0.9999991655349731
0.9989557266235352
0.5072747468948364
0.6014031171798706
0.526244044303894
0.99980229139328
0.510292649269104
0.7505210041999817
0.9969563484191895
0.9399725198745728
0.628826379776001
0.6001368165016174
0.5099778771400452
0.7911956906318665
0.5846822261810303
0.9623225331306458
0.9999501705169678
0.9958264231681824
0.9691367149353027
0.8730905652046204
0.9645673632621765
0.7995736598968506
0.9023624062538147
0.9999823570251465
0.545505940914154
0.863142192363739
0.9998863935470581
0.5371927618980408
0.9990262985229492
0.9872170090675354
0.9859161972999573
0.7208655476570129
0.9995711445808411
0.7726066708564758
0.9996122717857361
0.9915276169776917
0.999702513217926
0.9706355333328247
0.9851545691490173
0.9594735503196716
0.9968501925468445
0.528140127658844
0.9999116659164429
0.9744614958763123
0.7007139325141907
0.9909761548042297
0.9964029788970947
0.996241569519043
0.9773534536361694
1.0
0.9985814094543457
0.9994596838951111
0.781281590461731
0.9996949434280396
0.9841707348823547
0.9999363422393799
0.9948987364768982
0.9888284206390381
0.9814567565917969
0.9560076594352722
0.906390905380249
0.9921820759773254
0.9999901056289673
0.9866486191749573
0.8949180841445923
0.9988186955451965
0.6779140830039978
0.9991689920425415
0.957169234752655
0.9651868939399719
0.7685454487800598
0.7173710465431213
0.99871826171875
0.9995416402816772
0.9992004036903381
0.9960519671440125
0.989018976688385
0.955895721912384
0.9765979051589966
0.9989660978317261
0.9993767142295837
0.987552285194397
0.974770188331604
0.9999794960021973
0.9692139625549316
0.9848096966743469
0.9888553023338318
0.9999973773956299
0.8880534768104553
0.8680847883224487
0.9984649419784546
0.9819334149360657
0.9997081160545349
0.9036481380462646
0.8120211958885193
0.9724379777908325
0.9980748891830444
0.9543908834457397
0.5674777626991272
0.5691561698913574
0.9999892711639404
1.0
0.5990819334983826
0.9941693544387817
0.5074254274368286
0.7886649370193481
0.5082170963287354
0.9999998807907104
1.0
0.992064893245697
0.5414150357246399
0.5105999708175659
0.698573112487793
0.5036025047302246
0.9565286636352539
0.9885126352310181
0.9994494318962097
0.9855726361274719
0.9994841814041138
0.9999986886978149
0.9999872446060181
0.5074037313461304
0.8736388087272644
0.989535927772522
0.5723153948783875
0.9946404099464417
0.985162079334259
0.9999980926513672
0.5582236647605896
0.9998387098312378
0.5491062998771667
0.7726573348045349
1.0
0.99993896484375
0.999992847442627
0.9926135540008545
0.7831077575683594
0.6035410761833191
0.9879044890403748
0.98971027135849
0.9991894364356995
0.9983147382736206
0.5288569331169128
0.8651733994483948
0.9970170259475708
0.903262197971344
0.9823265671730042
0.5102672576904297
0.8973286747932434
0.5451615452766418
0.8059383034706116
0.9999784231185913
0.7541361451148987
0.9377960562705994
1.0
0.9899911880493164
0.9277321696281433
0.5172609686851501
0.8248809576034546
0.9933504462242126
0.6924267411231995
0.986520528793335
0.8118730783462524
0.953386664390564
0.9986054301261902
0.6212717890739441
0.8906847834587097
0.5983495116233826
1.0
0.9999208450317383
0.9567908048629761
1.0
1.0
0.9927402138710022
0.9993209838867188
0.9993420243263245
0.822492241859436
0.9999998807907104
0.727405309677124
0.6139002442359924
0.9319657683372498
0.5144484043121338
0.9919875860214233
0.9998286962509155
0.9128100275993347
0.9999990463256836
0.9694357514381409
1.0
0.9999924898147583
0.9981281161308289
0.9488738775253296
0.9885957837104797
0.9776738882064819
0.999985933303833
0.9748730659484863
0.9999986886978149
0.9996826648712158
0.9997968077659607
0.9611520171165466
0.9646406769752502
0.9999837875366211
0.9997485280036926
1.0
0.9488672614097595
0.9962068796157837
0.9998236298561096
0.9480727910995483
0.9974617958068848
0.9999998807907104
0.9726153612136841
0.9999997615814209
0.9789244532585144
0.9999822378158569
0.510360836982727
0.5138981342315674
0.7129928469657898
1.0
0.5828160047531128
0.9984124898910522
0.9781584739685059
0.9999995231628418
0.9994882345199585
0.9989751577377319
0.8941231369972229
0.8050370216369629
0.8297019004821777
0.5014142990112305
0.9068542718887329
0.9998999834060669
0.9735562205314636
0.821133017539978
0.6330870389938354
0.5083826780319214
0.9080379605293274
0.8031912446022034
0.9962819218635559
0.9496463537216187
0.6175603866577148
0.6254476308822632
0.7947166562080383
0.7388200759887695
0.9139177799224854
0.9904357194900513
0.8231041431427002
0.9131535887718201
0.9941230416297913
0.5843261480331421
0.9999996423721313
0.9998015761375427
0.711976945400238
0.5103773474693298
0.999916672706604
0.7529640793800354
0.9969610571861267
0.5767271518707275
0.9999971389770508
0.9153905510902405
0.6975037455558777
0.9994365572929382
0.9650837182998657
0.9908859729766846
0.9802893996238708
0.9680532217025757
0.9965027570724487
1.0
0.9995840191841125
0.9711050987243652
1.0
0.9997014403343201
1.0
0.9495607018470764
0.9999986886978149
0.9012738466262817
0.9988662004470825
1.0
0.9997900128364563
1.0
0.9271985292434692
1.0
0.9904907941818237
0.997734785079956
0.9980523586273193
0.9972146153450012
0.9931811690330505
0.9992929697036743
1.0
1.0
1.0
0.8959125876426697
1.0
0.9999998807907104
0.9999866485595703
0.9986190795898438
0.9979051351547241
0.5727874636650085
0.6431066989898682
0.9956508278846741
1.0
1.0
1.0
1.0
0.9999520778656006
0.9999290704727173
0.9999982118606567
1.0
0.9999998807907104
1.0
1.0
0.9662133455276489
0.9974556565284729
1.0
0.5983901023864746
0.9986048340797424
0.9991408586502075
0.5623807311058044
0.969060480594635
0.9994142055511475
0.6085963249206543
0.9958337545394897
1.0
0.9995105266571045
1.0
0.9986729621887207
0.8110798597335815
0.9995977282524109
0.9994982481002808
0.9999994039535522
0.9999998807907104
0.9779350757598877
0.510532021522522
0.7085199952125549
0.9998784065246582
0.999745786190033
0.9985672235488892
0.9999113082885742
1.0
1.0
0.5241620540618896
0.9999984502792358
0.9952352643013
1.0
0.9999998807907104
1.0
0.5735681056976318
0.6501293778419495
0.9935577511787415
0.9990171194076538
1.0
0.9997010827064514
0.9973879456520081
1.0
0.8893848061561584
0.6018697023391724
0.9671656489372253
0.9999032020568848
0.9987665414810181
0.9998267292976379
0.9983047246932983
0.9985370635986328
0.9990431666374207
0.9994514584541321
0.9999277591705322
0.6287471652030945
0.9997312426567078
0.693386971950531
0.9998860359191895
0.7617020606994629
0.5623055696487427
0.9961245656013489
0.9957159161567688
0.9999959468841553
0.8397775292396545
0.5237289071083069
0.981803297996521
0.9987918734550476
0.7666467428207397
0.9997338652610779
0.9984914064407349
0.841379702091217
0.5322362184524536
1.0
0.5458189249038696
0.5079241991043091
0.9999481439590454
0.8735713958740234
0.9999998807907104
0.9984362721443176
0.9899112582206726
0.9981383085250854
0.9999997615814209
0.9918757677078247
0.9980847835540771
0.9982712268829346
0.9961961507797241
1.0
0.9788904786109924
0.9998292922973633
0.845279335975647
0.6154829263687134
0.9997691512107849
0.9175698757171631
0.5672293305397034
0.9959434866905212
0.5470958948135376
0.9028772115707397
0.8909326791763306
0.9648880362510681
0.5091607570648193
0.9981101751327515
0.6434862613677979
0.5594303607940674
0.9401998519897461
0.5307621359825134
0.5100605487823486
0.8690851330757141
0.9854341745376587
0.9994613528251648
0.8017964959144592
0.6249956488609314
0.999997615814209
0.777664303779602
0.9933391213417053
0.509248673915863
0.9890540838241577
0.996286153793335
0.992908239364624
0.9996383190155029
0.9998101592063904
0.9937757253646851
1.0
1.0
1.0
0.9942200183868408
0.871830940246582
0.9949707984924316
0.9662489295005798
0.9993219375610352
0.9988929629325867
1.0
0.8425856232643127
0.9879699945449829
1.0
0.9990149736404419
0.9926559925079346
1.0
0.9931448698043823
1.0
0.9999995231628418
1.0
0.9999998807907104
1.0
0.9966097474098206
0.7074300646781921
0.5103134512901306
0.9946436882019043
0.9991616010665894
0.9994619488716125
0.9624989032745361
0.9999704360961914
0.9820672273635864
0.9176207184791565
0.9311245083808899
1.0
0.8352256417274475
0.99892657995224
0.9796597361564636
0.6817229986190796
0.890204131603241
0.9934656023979187
0.9840901494026184
0.9954968690872192
1.0
0.9993775486946106
0.9997223019599915
0.9995878338813782
0.904022753238678
0.9770404100418091
0.8673107624053955
0.9956652522087097
0.9994034767150879
0.506367564201355
0.9528630375862122
0.9819243550300598
0.9906798005104065
0.9976019263267517
0.9945224523544312
0.9990577101707458
0.9999901056289673
0.560227632522583
0.9956831932067871
0.7648135423660278
0.9999986886978149
0.977682888507843
0.9493722915649414
1.0
0.9856181740760803
0.9907049536705017
0.9886721968650818
0.9771929979324341
0.9997361302375793
0.9999936819076538
0.98039311170578
0.9973592162132263
0.9683923721313477
0.9965399503707886
0.985748827457428
0.9977787137031555
0.9423829913139343
0.9739519357681274
0.6180872917175293
0.9724346399307251
0.9997063279151917
0.9751810431480408
0.9165409207344055
0.9814512133598328
0.9821292757987976
0.9793480634689331
0.9999995231628418
0.9999992847442627
1.0
0.8255418539047241
0.9985105395317078
0.9964253306388855
0.9576025605201721
0.9988228678703308
0.6558994650840759
0.9988422989845276
0.9987242817878723
1.0
0.9978825449943542
0.9803099036216736
0.9999911785125732
0.9994961023330688
1.0
0.9999998807907104
0.9931983351707458
0.5807080864906311
0.5736551284790039
0.9280679821968079
0.5354893803596497
0.9986023306846619
0.964324951171875
0.9451811909675598
0.9169773459434509
0.7661482691764832
0.8358430862426758
0.9926803112030029
0.9123608469963074
0.8790150880813599
0.5739277601242065
0.6080299019813538
0.8544624447822571
0.565888524055481
0.5105054974555969
0.5575596690177917
0.5811908841133118
0.9954747557640076
0.9989222288131714
0.509694516658783
0.618661105632782
0.9638615846633911
0.5116023421287537
0.5098474621772766
1.0
0.9752394556999207
0.5478667616844177
0.9861472249031067
0.6115354299545288
0.8882565498352051
0.8502659201622009
0.6370642185211182
0.825144350528717
0.9428663849830627
0.9088022112846375
0.9876962304115295
0.9601057171821594
1.0
1.0
1.0
1.0
1.0
0.9999967813491821
1.0
1.0
0.9817615151405334
1.0
1.0
0.5095847845077515
0.996107280254364
0.9969109892845154
0.9872618317604065
0.6766219139099121
0.9395872950553894
0.9795665144920349
0.9995905756950378
0.9985195994377136
0.6836163401603699
0.9590446352958679
0.9984928369522095
0.8658621907234192
0.882644534111023
0.9999984502792358
0.9999202489852905
0.9516927003860474
0.9729610085487366
0.9966925382614136
0.9990546107292175
0.9213965535163879
0.9999083280563354
0.9999129772186279
0.9996988773345947
0.9991175532341003
0.999417781829834
0.9998899698257446
0.9691010117530823
0.9169647097587585
0.9066110253334045
0.9721788167953491
1.0
0.9723835587501526
0.6871873140335083
0.9927985668182373
0.9999912977218628
0.9999998807907104
0.9999969005584717
0.9996073842048645
0.999876856803894
0.9866489768028259
0.998751163482666
0.6533520817756653
0.9995044469833374
0.9987439513206482
1.0
0.9856502413749695
0.9961681962013245
0.6459061503410339
0.8678287267684937
0.9999986886978149
0.9930121302604675
0.9989044666290283
0.9966771602630615
0.9993299245834351
0.9996640682220459
0.9809518456459045
0.5678530335426331
0.6093327403068542
0.9992451667785645
0.9997403025627136
0.9993317723274231
0.7628410458564758
0.9999674558639526
0.6851219534873962
0.9986739158630371
0.8699508309364319
0.9987769722938538
0.9960324168205261
0.9982241988182068
0.9999799728393555
0.8570365905761719
0.9953137636184692
0.534998893737793
0.5395232439041138
0.9960499405860901
1.0
0.9999728202819824
1.0
0.9977814555168152
0.9999569654464722
0.9952903985977173
0.9999983310699463
0.9252216219902039
0.9819592833518982
0.9997900128364563
0.9991722106933594
0.9999933242797852
0.994125247001648
0.8359370231628418
0.9777686595916748
0.9942846894264221
0.548185408115387
0.99996018409729
1.0
0.999553382396698
1.0
0.5989964008331299
1.0
0.9752140641212463
0.9989425539970398
1.0
0.9999997615814209
0.8393257260322571
0.993462324142456
0.9807904958724976
0.9999926090240479
0.9439058899879456
0.9978400468826294
0.9999867677688599
0.9876837134361267
0.9505765438079834
0.9965613484382629
0.9448458552360535
0.5146769881248474
0.9996618032455444
1.0
1.0
0.9987615346908569
0.9999998807907104
0.8291706442832947
0.998784601688385
0.9989399313926697
0.969816267490387
0.7410393357276917
0.9839999079704285
0.960756242275238
0.6408194303512573
0.9610543251037598
0.9879037737846375
0.9866873025894165
0.9956369996070862
0.9999991655349731
0.9000698924064636
0.9801287055015564
0.9934903383255005
0.9840675592422485
0.9787927269935608
0.9979211688041687
0.638931930065155
0.7417672276496887
0.9893440008163452
1.0
0.9999829530715942
0.9995930790901184
0.990505039691925
0.9999910593032837
0.7456009984016418
1.0
0.9999929666519165
0.9999996423721313
0.9923991560935974
0.9985072016716003
0.9172306656837463
0.9946863651275635
0.5945067405700684
0.997840404510498
0.9694039225578308
1.0
0.9996269941329956
0.933893620967865
1.0
0.9963226318359375
1.0
0.9385778307914734
0.9998972415924072
0.9999983310699463
0.9923080205917358
0.9726869463920593
0.9822782278060913
0.9996680021286011
0.5858585238456726
0.9999990463256836
0.9895231127738953
0.999617338180542
0.9950002431869507
0.9999784231185913
0.8879966735839844
0.9999994039535522
0.7825829386711121
0.9999994039535522
0.998542070388794
0.9991719722747803
1.0
0.999854564666748
0.9990574717521667
0.6698026061058044
0.9889997839927673
0.9999996423721313
0.6658600568771362
0.9998618364334106
0.9969671368598938
0.9992663264274597
0.9996998310089111
0.9999850988388062
0.9988574981689453
0.7622127532958984
0.5953227281570435
0.9481808543205261
0.513094425201416
0.9999995231628418
0.9997426867485046
0.7691136002540588
0.9949782490730286
0.9961743354797363
0.7627419233322144
0.9975918531417847
0.980901837348938
0.8750951886177063
0.9953246116638184
0.9572101831436157
0.9766654372215271
0.851730465888977
0.9508721232414246
0.5127245783805847
0.5086564421653748
0.9185096621513367
0.8248645663261414
0.9907665252685547
0.6158798336982727
0.900899350643158
0.9961723685264587
0.9995342493057251
0.5115541815757751
0.977400004863739
0.6237260699272156
0.9991351962089539
0.579045295715332
0.9961065649986267
1.0
0.8344568014144897
0.5156148672103882
0.9996349811553955
0.5242828726768494
0.9999979734420776
0.953484833240509
0.9950203895568848
0.9984922409057617
0.9996080994606018
0.9458768367767334
0.9772126078605652
0.9982794523239136
0.6368862390518188
0.9968516230583191
0.9164710640907288
0.5580237507820129
0.8849477171897888
0.5234249830245972
0.7335825562477112
0.985276997089386
0.7868249416351318
1.0
0.999994158744812
0.5946750044822693
0.8482303619384766
0.9154213070869446
0.8939031362533569
0.9152780771255493
0.6735180020332336
0.9998267292976379
0.9868924021720886
0.9580734968185425
0.9992997646331787
1.0
0.969215989112854
0.9999998807907104
0.9956896901130676
0.9999998807907104
0.9922560453414917
0.9999600648880005
0.7809180617332458
1.0
0.9990838766098022
0.9989933371543884
0.996182382106781
0.8134344816207886
0.9988490343093872
0.9892910122871399
0.9602357745170593
0.9358598589897156
0.502801775932312
0.9945828318595886
0.7730605602264404
0.9093722701072693
0.9913398623466492
0.9976195693016052
1.0
0.8742437362670898
0.9999986886978149
0.917060375213623
0.9690240025520325
0.9734219908714294
0.9999088048934937
0.9845733046531677
0.9835425615310669
0.9464508891105652
0.9998051524162292
0.7775206565856934
0.938912034034729
0.9999997615814209
0.6671552062034607
0.5134535431861877
0.9973159432411194
0.6250448226928711
0.8415317535400391
0.9714995622634888
0.984802782535553
0.9880423545837402
0.8554112315177917
0.8752740621566772
0.9997093081474304
0.6688331961631775
0.9901344180107117
0.8762062788009644
0.5427945256233215
0.9220697283744812
0.5145304799079895
0.5089059472084045
0.8980965614318848
0.9913644790649414
0.8967837691307068
0.758611261844635
0.9509734511375427
0.8534022569656372
0.9725812673568726
0.931686520576477
0.9982677698135376
0.9817180633544922
0.5190786123275757
0.9840149283409119
0.5813669562339783
0.9988142251968384
0.9999953508377075
0.9830454587936401
0.8057984113693237
0.9918233752250671
0.9905457496643066
0.6265191435813904
0.9968006610870361
0.96905118227005
0.7242012023925781
0.5172284245491028
0.9807628393173218
0.9999551773071289
0.6374752521514893
0.6839309930801392
0.6352717876434326
0.7321332097053528
0.9274122714996338
0.5064685344696045
0.6102180480957031
0.9999676942825317
0.5474907159805298
0.9102828502655029
0.6645098328590393
0.504521906375885
0.5017658472061157
0.5078941583633423
0.797055721282959
0.8379092812538147
0.6467245817184448
0.9889888167381287
1.0
0.5836043953895569
0.993025541305542
0.7687609195709229
0.9892542362213135
0.815517008304596
0.8078051209449768
0.9991157650947571
0.8818264007568359
0.9489309191703796
0.9970923662185669
0.5550729036331177
0.9999788999557495
0.9999033212661743
0.7541857361793518
0.8134028315544128
0.5011817812919617
0.999041736125946
0.5074594616889954
1.0
0.8472623229026794
0.9748435616493225
0.7649633288383484
1.0
0.9964544773101807
0.6055567264556885
0.9941059350967407
0.9630991220474243
0.8085919618606567
0.6180325746536255
0.9999997615814209
0.9914592504501343
0.7458893656730652
0.7554718255996704
0.9280893802642822
0.9386642575263977
0.9986685514450073
0.9999215602874756
0.9998824596405029
0.9586710929870605
0.7165026664733887
0.9990419745445251
0.9542621970176697
0.6611123085021973
0.529076874256134
0.657811164855957
0.9989631175994873
0.5265775918960571
0.5116365551948547
0.9818121790885925
0.5064951181411743
0.9042351841926575
0.9999996423721313
0.661396861076355
0.8445938229560852
