0.5367233157157898
0.9996411800384521
0.8224784135818481
0.9999600648880005
0.9990813732147217
1.0
0.9889783263206482
0.9349948167800903
0.8992403149604797
0.9999998807907104
0.9999998807907104
0.9347628951072693
0.9957420229911804
0.9999926090240479
0.9997479319572449
1.0
0.8978474140167236
0.5093782544136047
1.0
0.7533484697341919
0.5062784552574158
0.5109248161315918
0.5063086748123169
0.8008849024772644
0.5628158450126648
0.994540274143219
0.5835928320884705
0.9999998807907104
0.8608022332191467
0.9969292283058167
0.9998569488525391
0.996164083480835
0.5209487080574036
0.8988315463066101
0.9827336072921753
0.8922398686408997
0.7578812837600708
0.9986226558685303
0.9623590707778931
0.9352313280105591
0.997463583946228
0.9968296885490417
0.5122134685516357
0.9808623194694519
0.7877996563911438
0.9428033828735352
0.7444098591804504
0.9187336564064026
0.6429266929626465
0.8239955902099609
0.9678922295570374
0.994843602180481
0.5013407468795776
0.5208238959312439
0.8434341549873352
0.8619174361228943
0.6646918058395386
0.8689507246017456
0.6492074131965637
0.9999109506607056
0.8639063239097595
0.9975038170814514
0.8119586110115051
0.867175817489624
0.5294074416160583
0.541736900806427
0.9982872605323792
0.961637020111084
0.5150154232978821
0.9887579083442688
0.9999605417251587
0.6065739393234253
0.8181425929069519
0.9397498965263367
0.574081301689148
0.9984433054924011
0.5081674456596375
0.8286750316619873
0.9934006929397583
0.9991470575332642
0.5235605239868164
0.567668080329895
0.7460892796516418
0.8364160656929016
0.9196049571037292
0.504118800163269
0.5878967642784119
0.5101813673973083
0.9720500111579895
0.5105881690979004
0.9989412426948547
0.7678537368774414
0.8963784575462341
0.9878107309341431
0.9683020710945129
0.9998505115509033
0.95720374584198
0.6169474124908447
0.9952852129936218
0.714719831943512
0.7872374057769775
0.9999973773956299
0.8817105293273926
0.9960954785346985
0.6837946176528931
0.502362847328186
0.5404426455497742
0.7553068399429321
0.9660822153091431
0.9999994039535522
0.8958665728569031
0.8158314228057861
0.5672785043716431
0.6694077253341675
0.9999997615814209
0.9996107220649719
0.9999936819076538
0.9962731599807739
0.5011454820632935
0.9999736547470093
0.5829157829284668
0.7653538584709167
0.9910714626312256
0.6261160969734192
0.9999849796295166
0.8243018984794617
0.771236777305603
0.9604771733283997
0.7796148061752319
0.502853274345398
0.9405691623687744
0.9916075468063354
0.7217452526092529
0.8126319050788879
0.7977455258369446
0.502122163772583
0.5184765458106995
0.6132642030715942
0.522767961025238
0.9766618013381958
0.6179259419441223
0.6363916397094727
0.9412710666656494
0.9999858140945435
0.8122215867042542
0.8291490077972412
0.5261391997337341
0.5087814331054688
0.9999833106994629
0.99847811460495
0.5739412903785706
0.5390201807022095
0.996626615524292
0.8886875510215759
0.5020198822021484
0.6161354780197144
0.5899861454963684
0.5110213160514832
0.9925853610038757
0.8354543447494507
0.9519309997558594
0.9999966621398926
0.6640512347221375
0.9846952557563782
0.7306203842163086
0.5042024254798889
0.9004971981048584
0.5127430558204651
0.5361829996109009
0.5088965892791748
0.5011202096939087
0.7294835448265076
0.5078016519546509
0.6813713312149048
0.9817408919334412
0.9860967993736267
0.641993522644043
0.6876814365386963
0.5966413617134094
0.999646782875061
0.8298156261444092
0.9847687482833862
0.939748227596283
0.9981709718704224
0.980701744556427
0.51003098487854
0.966966450214386
0.968907356262207
0.927852213382721
0.9829469919204712
0.9672315716743469
0.9982477426528931
0.670937180519104
0.9995872378349304
0.7043797969818115
0.9998268485069275
0.9999994039535522
0.5540873408317566
0.5655727386474609
0.6907550692558289
0.6197525858879089
0.7733845114707947
0.7057669758796692
0.5259916186332703
0.8098316788673401
0.8879456520080566
0.8629519939422607
0.9715076088905334
0.5084653496742249
0.9999024868011475
0.5793427228927612
0.5176560878753662
0.9993460774421692
1.0
0.9658064842224121
0.9997479319572449
0.7674544453620911
0.9857358336448669
0.7852300405502319
0.7922315001487732
0.6054049730300903
0.5084874629974365
0.9987087249755859
0.5084459781646729
0.5293511152267456
0.511141836643219
0.624990701675415
0.5647667646408081
0.5088229179382324
1.0
0.8771626949310303
0.838494062423706
0.5136410593986511
0.9057830572128296
0.5094936490058899
0.5107046961784363
0.9966624975204468
0.9923115372657776
0.9694368839263916
0.8428716063499451
0.8175094723701477
0.8294541239738464
0.6065528988838196
0.6146746873855591
0.6059359312057495
0.8892112374305725
0.9001647233963013
0.5100210905075073
0.5724833011627197
0.9694436192512512
0.9715917110443115
0.9732560515403748
0.9866784811019897
0.999982476234436
0.8351321816444397
0.8654991984367371
0.9925948977470398
0.991769552230835
0.990502119064331
0.732166588306427
0.7943009734153748
0.9999935626983643
0.9999874830245972
0.9982012510299683
0.9843629002571106
0.9890066385269165
0.923270046710968
0.6348667740821838
0.9205127954483032
0.9987695813179016
0.9085649847984314
0.8259868621826172
0.9957190155982971
0.6387360692024231
0.6364355683326721
0.9997225403785706
0.9999991655349731
0.9989557266235352
0.5072747468948364
0.6014026403427124
0.5262439846992493
0.99980229139328
0.510292649269104
0.7505194544792175
0.9969563484191895
0.9399721026420593
0.6288293600082397
0.6001384258270264
0.5099778175354004
0.7911956310272217
0.5846829414367676
0.9623225331306458
0.9999501705169678
0.9958264231681824
0.9691365957260132
0.8730913996696472
0.9645676016807556
0.7995730042457581
0.9023624062538147
0.9999823570251465
0.5455086827278137
0.8631425499916077
0.9998863935470581
0.5371928215026855
0.9990262985229492
0.9872168898582458
0.9859160780906677
0.7208646535873413
0.9995711445808411
0.7726065516471863
0.9996122717857361
0.9915277361869812
0.999702513217926
0.9706352353096008
0.9851545691490173
0.9594730734825134
0.9968500733375549
0.5281481146812439
0.9999116659164429
0.9744613766670227
0.7007167935371399
0.9909761548042297
0.9964028596878052
0.996241569519043
0.9773534536361694
1.0
0.9985814094543457
0.9994596838951111
0.7812809944152832
0.9996949434280396
0.9841706156730652
0.9999363422393799
0.9948986172676086
0.9888284206390381
0.9814567565917969
0.9560058116912842
0.9063895344734192
0.9921820163726807
0.9999901056289673
0.9866488575935364
0.8949170708656311
0.9988186955451965
0.6779097318649292
0.9991689920425415
0.9571705460548401
0.9651868939399719
0.7685466408729553
0.717370331287384
0.99871826171875
0.9995416402816772
0.9992004036903381
0.9960519671440125
0.989018976688385
0.955896258354187
0.976597785949707
0.9989660978317261
0.9993767142295837
0.987552285194397
0.9747692942619324
0.9999794960021973
0.9692140817642212
0.984809935092926
0.9888551831245422
0.9999973773956299
0.8880537152290344
0.868086576461792
0.9984649419784546
0.9819335341453552
0.9997081160545349
0.903648316860199
0.8120221495628357
0.9724382162094116
0.9980748891830444
0.9543906450271606
0.5674735903739929
0.5691562294960022
0.9999892711639404
1.0
0.5990815162658691
0.9941693544387817
0.5074254274368286
0.7886638641357422
0.5082170963287354
0.9999998807907104
1.0
0.9920647740364075
0.5414150357246399
0.5105999708175659
0.6985760927200317
0.5036022067070007
0.9565288424491882
0.9885126352310181
0.9994494318962097
0.9855726361274719
0.9994841814041138
0.9999986886978149
0.9999872446060181
0.5074037909507751
0.8736391663551331
0.989535927772522
0.572315514087677
0.9946402907371521
0.985162079334259
0.9999980926513672
0.5582234263420105
0.9998387098312378
0.5491063594818115
0.772663414478302
1.0
0.99993896484375
0.999992847442627
0.9926135540008545
0.7831055521965027
0.6035407185554504
0.9879044890403748
0.98971027135849
0.9991894364356995
0.9983147382736206
0.5288565158843994
0.8651712536811829
0.9970170259475708
0.9032627940177917
0.9823265671730042
0.5102673768997192
0.8973283171653748
0.5451617240905762
0.8059383034706116
0.9999784231185913
0.7541383504867554
0.9377963542938232
1.0
0.9899910688400269
0.9277320504188538
0.5172609090805054
0.8248820900917053
0.9933504462242126
0.6924280524253845
0.986520528793335
0.8118727803230286
0.953386127948761
0.9986054301261902
0.6212705969810486
0.8906840682029724
0.5983501076698303
1.0
0.9999208450317383
0.9567909240722656
1.0
1.0
0.9927402138710022
0.9993209838867188
0.9993420243263245
0.822492241859436
0.9999998807907104
0.7274057269096375
0.6139015555381775
0.9319660663604736
0.514448344707489
0.9919875860214233
0.9998286962509155
0.9128103256225586
0.9999990463256836
0.9694361686706543
1.0
0.9999924898147583
0.9981281161308289
0.9488733410835266
0.9885959029197693
0.9776740074157715
0.999985933303833
0.9748731255531311
0.9999986886978149
0.9996826648712158
0.9997968077659607
0.9611521363258362
0.9646406769752502
0.9999837875366211
0.9997485280036926
1.0
0.9488674402236938
0.9962068796157837
0.9998236298561096
0.9480727314949036
0.9974619150161743
0.9999998807907104
0.9726154804229736
0.9999997615814209
0.9789246320724487
0.9999822378158569
0.510360836982727
0.5138980150222778
0.7129929065704346
1.0
0.5828167200088501
0.9984124898910522
0.9781582355499268
0.9999995231628418
0.9994882345199585
0.9989751577377319
0.8941221833229065
0.8050373792648315
0.8297033905982971
0.5014142990112305
0.9068533778190613
0.9998999834060669
0.9735562801361084
0.8211327791213989
0.6330890655517578
0.5083826780319214
0.9080376625061035
0.8031968474388123
0.9962819218635559
0.9496465921401978
0.617560863494873
0.6254472732543945
0.7947164177894592
0.7388195395469666
0.9139172434806824
0.9904357194900513
0.8231037259101868
0.9131556749343872
0.9941230416297913
0.584325909614563
0.9999996423721313
0.9998015761375427
0.7119734883308411
0.5103773474693298
0.999916672706604
0.7529670000076294
0.9969610571861267
0.576728105545044
0.9999971389770508
0.9153897762298584
0.6975034475326538
0.9994365572929382
0.9650835990905762
0.9908859729766846
0.9802891612052917
0.9680531024932861
0.9965027570724487
1.0
0.9995840191841125
0.9711050987243652
1.0
0.9997014403343201
1.0
0.9495611190795898
0.9999986886978149
0.9012729525566101
0.9988662004470825
1.0
0.9997900128364563
1.0
0.927199125289917
1.0
0.9904909133911133
0.997734785079956
0.9980523586273193
0.9972144961357117
0.9931811690330505
0.9992929697036743
1.0
1.0
1.0
0.8959149122238159
1.0
0.9999998807907104
0.9999866485595703
0.9986190795898438
0.9979051351547241
0.5727894902229309
0.6431032419204712
0.9956508278846741
1.0
1.0
1.0
1.0
0.9999520778656006
0.9999290704727173
0.9999982118606567
1.0
0.9999998807907104
1.0
1.0
0.9662128686904907
0.9974556565284729
1.0
0.5983993411064148
0.998604953289032
0.9991408586502075
0.5623839497566223
0.969060480594635
0.999414324760437
0.6085941195487976
0.9958337545394897
1.0
0.9995105266571045
1.0
0.9986730813980103
0.8110835552215576
0.9995977282524109
0.9994982481002808
0.9999994039535522
0.9999998807907104
0.9779350161552429
0.510532021522522
0.7085200548171997
0.9998784065246582
0.999745786190033
0.9985672235488892
0.9999113082885742
1.0
1.0
0.5241619348526001
0.9999984502792358
0.9952352643013
1.0
0.9999998807907104
1.0
0.5735677480697632
0.6501303911209106
0.9935577511787415
0.9990171194076538
1.0
0.9997010827064514
0.9973879456520081
1.0
0.8893856406211853
0.6018670201301575
0.9671657681465149
0.9999032020568848
0.9987665414810181
0.9998267292976379
0.9983047246932983
0.9985370635986328
0.9990431666374207
0.9994514584541321
0.9999277591705322
0.628745973110199
0.9997312426567078
0.6933857202529907
0.9998860359191895
0.7617006301879883
0.5623056888580322
0.9961245656013489
0.9957159161567688
0.9999959468841553
0.8397773504257202
0.5237289667129517
0.981803297996521
0.9987918734550476
0.766647219657898
0.9997338652610779
0.9984914064407349
0.8413800597190857
0.5322369337081909
1.0
0.5458194017410278
0.5079241991043091
0.9999481439590454
0.8735713958740234
0.9999998807907104
0.9984362721443176
0.9899111390113831
0.9981383085250854
0.9999997615814209
0.9918756484985352
0.9980847835540771
0.9982712268829346
0.9961961507797241
1.0
0.9788904786109924
0.9998292922973633
0.8452783226966858
0.6154826879501343
0.9997691512107849
0.9175700545310974
0.5672284960746765
0.9959434866905212
0.547095775604248
0.9028773307800293
0.8909333348274231
0.9648880362510681
0.5091607570648193
0.9981101751327515
0.6434857845306396
0.5594300627708435
0.9402000904083252
0.5307620167732239
0.5100605487823486
0.8690840601921082
0.9854340553283691
0.9994613528251648
0.8017964959144592
0.6249969601631165
0.999997615814209
0.7776591777801514
0.9933390021324158
0.509248673915863
0.9890540838241577
0.996286153793335
0.992908239364624
0.9996383190155029
0.9998101592063904
0.9937757253646851
1.0
1.0
1.0
0.9942201375961304
0.8718346357345581
0.9949707984924316
0.9662480354309082
0.9993219375610352
0.9988929629325867
1.0
0.842586100101471
0.9879701733589172
1.0
0.9990149736404419
0.9926559925079346
1.0
0.9931448698043823
1.0
0.9999995231628418
1.0
0.9999998807907104
1.0
0.9966097474098206
0.7074297070503235
0.5103145837783813
0.9946436882019043
0.9991616010665894
0.9994619488716125
0.9624993205070496
0.9999704360961914
0.9820674657821655
0.9176217317581177
0.9311251640319824
1.0
0.8352271318435669
0.99892657995224
0.9796594977378845
0.6817238926887512
0.890204131603241
0.9934657216072083
0.9840901494026184
0.9954968690872192
1.0
0.9993775486946106
0.9997223019599915
0.9995878338813782
0.9040215015411377
0.9770404100418091
0.867306649684906
0.9956652522087097
0.9994034767150879
0.5063727498054504
0.9528626203536987
0.9819246530532837
0.9906798005104065
0.9976019263267517
0.9945225715637207
0.9990577101707458
0.9999901056289673
0.560227632522583
0.9956833124160767
0.7648126482963562
0.9999986886978149
0.9776830077171326
0.9493720531463623
1.0
0.9856182932853699
0.9907049536705017
0.9886723160743713
0.9771929979324341
0.9997361302375793
0.9999936819076538
0.9803932309150696
0.9973592162132263
0.9683926105499268
0.9965399503707886
0.9857487082481384
0.9977787137031555
0.9423834085464478
0.9739518165588379
0.6180865168571472
0.972434401512146
0.9997063279151917
0.9751807451248169
0.9165407419204712
0.9814515709877014
0.9821295142173767
0.9793478846549988
0.9999995231628418
0.9999992847442627
1.0
0.8255407214164734
0.9985105395317078
0.9964253306388855
0.9576024413108826
0.9988228678703308
0.6559024453163147
0.9988422989845276
0.9987242817878723
1.0
0.9978824257850647
0.9803096652030945
0.9999911785125732
0.9994961023330688
1.0
0.9999998807907104
0.9931981563568115
0.5807065963745117
0.5736545324325562
0.9280679821968079
0.5354898571968079
0.9986023306846619
0.9643247723579407
0.945178747177124
0.9169766902923584
0.7661466002464294
0.8358451724052429
0.9926803112030029
0.9123609662055969
0.879016101360321
0.5739207863807678
0.6080296635627747
0.8544613122940063
0.565888524055481
0.5105054974555969
0.557559609413147
0.58119136095047
0.9954747557640076
0.9989222288131714
0.509694516658783
0.6186608076095581
0.9638617038726807
0.5116024017333984
0.5098474621772766
1.0
0.9752395749092102
0.5478665828704834
0.9861472249031067
0.6115350723266602
0.8882576823234558
0.8502664566040039
0.6370640993118286
0.8251436352729797
0.9428663849830627
0.9088041186332703
0.98769611120224
0.9601059556007385
1.0
1.0
1.0
1.0
1.0
0.9999967813491821
1.0
1.0
0.9817615151405334
1.0
1.0
0.5095847845077515
0.996107280254364
0.9969109892845154
0.9872617125511169
0.676622211933136
0.9395870566368103
0.9795666337013245
0.9995905756950378
0.9985195994377136
0.6836168766021729
0.9590446352958679
0.9984928369522095
0.8658621907234192
0.8826446533203125
0.9999984502792358
0.9999202489852905
0.9516922831535339
0.9729607701301575
0.996692419052124
0.9990546107292175
0.9213963747024536
0.9999083280563354
0.9999129772186279
0.9996988773345947
0.9991175532341003
0.999417781829834
0.9998899698257446
0.9691011309623718
0.916963517665863
0.906610369682312
0.9721788167953491
1.0
0.9723832011222839
0.6871902346611023
0.9927986860275269
0.9999912977218628
0.9999998807907104
0.9999969005584717
0.9996073842048645
0.999876856803894
0.9866488575935364
0.998751163482666
0.6533496975898743
0.9995044469833374
0.9987439513206482
1.0
0.9856502413749695
0.9961681962013245
0.6459082365036011
0.8678281307220459
0.9999986886978149
0.9930121302604675
0.9989044666290283
0.9966771602630615
0.9993299245834351
0.9996640682220459
0.9809518456459045
0.5678613781929016
0.6093451380729675
0.9992451667785645
0.9997403025627136
0.9993317723274231
0.7628353238105774
0.9999674558639526
0.6851204633712769
0.9986739158630371
0.8699501156806946
0.9987769722938538
0.9960324168205261
0.9982241988182068
0.9999799728393555
0.8570376038551331
0.9953137636184692
0.5349969267845154
0.5395233631134033
0.9960499405860901
1.0
0.9999728202819824
1.0
0.9977814555168152
0.9999569654464722
0.9952902793884277
0.9999983310699463
0.9252219200134277
0.9819592833518982
0.9997900128364563
0.9991722106933594
0.9999933242797852
0.994125247001648
0.8359310030937195
0.9777685403823853
0.9942848086357117
0.5481851696968079
0.99996018409729
1.0
0.9995532631874084
1.0
0.5989964604377747
1.0
0.9752140641212463
0.9989425539970398
1.0
0.9999997615814209
0.8393253684043884
0.9934624433517456
0.9807904958724976
0.9999926090240479
0.9439047574996948
0.9978400468826294
0.9999867677688599
0.9876838326454163
0.9505764245986938
0.9965613484382629
0.9448453187942505
0.5146769285202026
0.9996618032455444
1.0
1.0
0.9987615346908569
0.9999998807907104
0.8291711807250977
0.998784601688385
0.9989399313926697
0.9698159098625183
0.7410404682159424
0.9839999079704285
0.9607558250427246
0.6408222913742065
0.9610535502433777
0.9879037737846375
0.9866873025894165
0.9956369996070862
0.9999991655349731
0.9000694155693054
0.9801287055015564
0.9934903383255005
0.9840675592422485
0.9787927269935608
0.9979211688041687
0.6389352679252625
0.7417692542076111
0.9893442392349243
1.0
0.9999829530715942
0.9995930790901184
0.9905051589012146
0.9999910593032837
0.7456038594245911
1.0
0.9999929666519165
0.9999996423721313
0.9923991560935974
0.9985072016716003
0.917231023311615
0.9946863651275635
0.5945097208023071
0.997840404510498
0.9694039225578308
1.0
0.9996269941329956
0.9338934421539307
1.0
0.9963226318359375
1.0
0.9385778307914734
0.9998972415924072
0.9999983310699463
0.9923080205917358
0.9726869463920593
0.9822781085968018
0.9996680021286011
0.5858585834503174
0.9999990463256836
0.9895231127738953
0.999617338180542
0.9950002431869507
0.9999784231185913
0.8879919648170471
0.9999994039535522
0.7825821042060852
0.9999994039535522
0.998542070388794
0.9991719722747803
1.0
0.999854564666748
0.9990574717521667
0.6697972416877747
0.9890000224113464
0.9999996423721313
0.6658593416213989
0.9998618364334106
0.9969671368598938
0.9992663264274597
0.9996998310089111
0.9999850988388062
0.9988576173782349
0.7622135281562805
0.5953239798545837
0.9481804966926575
0.5130926966667175
0.9999995231628418
0.9997426867485046
0.7691141963005066
0.9949782490730286
0.9961743354797363
0.7627410292625427
0.9975917339324951
0.9809017777442932
0.8750995397567749
0.9953246116638184
0.9572096467018127
0.9766656756401062
0.8517315983772278
0.9508721232414246
0.5127261877059937
0.5086564421653748
0.9185104370117188
0.8248643279075623
0.9907665252685547
0.6158799529075623
0.9008995294570923
0.9961723685264587
0.9995342493057251
0.5115506649017334
0.9773998856544495
0.6237255930900574
0.9991351962089539
0.5790562033653259
0.9961065649986267
1.0
0.8344565629959106
0.515614926815033
0.9996349811553955
0.5242826342582703
0.9999979734420776
0.9534854888916016
0.9950203895568848
0.9984922409057617
0.9996080994606018
0.9458771347999573
0.9772124886512756
0.9982794523239136
0.6368878483772278
0.9968515038490295
0.9164706468582153
0.5580237507820129
0.884946346282959
0.5234250426292419
0.7335821390151978
0.985276997089386
0.7868269681930542
1.0
0.999994158744812
0.5946744084358215
0.8482319116592407
0.9154229164123535
0.893902599811554
0.9152780175209045
0.6735197305679321
0.9998267292976379
0.9868921637535095
0.9580734968185425
0.9992997646331787
1.0
0.9692161083221436
0.9999998807907104
0.9956899285316467
0.9999998807907104
0.9922559261322021
0.9999600648880005
0.7809203267097473
1.0
0.9990838766098022
0.9989933371543884
0.996182382106781
0.8134350180625916
0.9988490343093872
0.9892908930778503
0.9602357745170593
0.9358596801757812
0.502801775932312
0.9945828318595886
0.7730641961097717
0.9093721508979797
0.9913399815559387
0.9976195693016052
1.0
0.8742436170578003
0.9999986886978149
0.9170586466789246
0.9690240621566772
0.9734217524528503
0.9999088048934937
0.9845733046531677
0.9835422039031982
0.9464510083198547
0.9998051524162292
0.7775210738182068
0.9389117956161499
0.9999997615814209
0.6671525835990906
0.5134538412094116
0.9973159432411194
0.6250441074371338
0.8415315747261047
0.9714995622634888
0.9848025441169739
0.9880423545837402
0.8554118871688843
0.8752732872962952
0.9997093081474304
0.6688320636749268
0.9901342988014221
0.8762038946151733
0.5427943468093872
0.9220702648162842
0.5145304203033447
0.5089059472084045
0.8980962634086609
0.9913644790649414
0.896781325340271
0.7586109042167664
0.95097416639328
0.8534023761749268
0.9725803732872009
0.9316843152046204
0.9982677698135376
0.9817186594009399
0.5190773606300354
0.9840149283409119
0.5813668370246887
0.9988142251968384
0.9999953508377075
0.9830454587936401
0.8057982325553894
0.9918232560157776
0.9905456304550171
0.6265191435813904
0.9968006610870361
0.96905118227005
0.7242022156715393
0.517228364944458
0.9807630777359009
0.9999551773071289
0.637474536895752
0.6839333176612854
0.6352701783180237
0.7321339249610901
0.9274124503135681
0.5064685344696045
0.6102197766304016
0.9999676942825317
0.5474905371665955
0.9102805852890015
0.6645095944404602
0.504521906375885
0.5017658472061157
0.507893979549408
0.7970567941665649
0.837908923625946
0.6467262506484985
0.9889890551567078
1.0
0.5836049318313599
0.9930254220962524
0.7687568664550781
0.989254355430603
0.8155184388160706
0.8078030347824097
0.9991157650947571
0.8818264603614807
0.9489309191703796
0.9970923662185669
0.5550713539123535
0.9999788999557495
0.9999033212661743
0.7541866302490234
0.8134024143218994
0.5011817812919617
0.999041736125946
0.5074594616889954
1.0
0.8472626209259033
0.9748435616493225
0.7649610042572021
1.0
0.9964544773101807
0.6055577993392944
0.9941059350967407
0.9630991220474243
0.80859375
0.6180325746536255
0.9999997615814209
0.9914592504501343
0.74588942527771
0.7554671764373779
0.9280893802642822
0.9386647939682007
0.9986685514450073
0.9999215602874756
0.9998824596405029
0.9586706757545471
0.7164976000785828
0.9990419745445251
0.9542621970176697
0.6611129641532898
0.5290769338607788
0.6578084826469421
0.9989631175994873
0.5265776515007019
0.51163649559021
0.9818122982978821
0.5064951181411743
0.9042353630065918
0.9999996423721313
0.6613965630531311
0.8445932865142822
