0.5050361156463623
0.6005832552909851
0.7012124061584473
0.6761682629585266
0.53581702709198
0.5106986165046692
0.5142941474914551
0.513062059879303
0.5166260600090027
0.923073410987854
0.5080733895301819
0.5106040835380554
0.5169250965118408
0.5079383850097656
0.5103565454483032
0.5095340609550476
0.5785748958587646
0.5057681798934937
0.5099983215332031
0.5007103681564331
0.5103508830070496
0.5007930397987366
0.6220378279685974
0.883374035358429
0.5061765909194946
0.5054017901420593
0.5302403569221497
0.8832220435142517
0.5100517868995667
0.5044781565666199
0.839454710483551
0.5359530448913574
0.5078728795051575
0.5095428228378296
0.5067771077156067
0.5092614889144897
0.5233286619186401
0.5403993129730225
0.5120660662651062
0.5055321455001831
0.7538707852363586
0.5030205845832825
0.6691502928733826
0.6312991976737976
0.5093651413917542
0.5099729895591736
0.5113131999969482
0.6234829425811768
0.9837544560432434
0.8842591047286987
0.5102894306182861
0.6345120072364807
0.5066049695014954
0.5063671469688416
0.5056995749473572
0.6351984143257141
0.5095425844192505
0.7423374056816101
0.5013390779495239
0.505483090877533
0.5046876668930054
0.6270634531974792
0.8716703057289124
0.5107772350311279
0.5036939382553101
0.5211277008056641
0.5111172795295715
0.5102611184120178
0.5090720057487488
0.5104311108589172
0.5088066458702087
0.5479923486709595
0.5069733262062073
0.5094519257545471
0.5102706551551819
0.5070112943649292
0.5084426403045654
0.5101834535598755
0.5520620942115784
0.5099700093269348
0.5090206861495972
0.5011733174324036
0.5019633173942566
0.557277262210846
0.5047408938407898
0.6466359496116638
0.5034107565879822
0.5090643763542175
0.5126103758811951
0.5072278380393982
0.5009074807167053
0.5086973309516907
0.5104436278343201
0.6661902666091919
0.5064518451690674
0.6408098936080933
0.5109215974807739
0.5072890520095825
0.5088857412338257
0.5091644525527954
0.5092913508415222
0.9611749053001404
0.5080773830413818
0.5103481411933899
0.5059077143669128
0.5073887705802917
0.5048030018806458
0.5062131881713867
0.9908735752105713
0.5095571279525757
0.8835560083389282
0.5046133995056152
0.5063179731369019
0.5077665448188782
0.5080006718635559
0.5040324330329895
0.5066339373588562
0.5101791024208069
0.9531050324440002
0.5101889371871948
0.5770843625068665
0.5075924396514893
0.5090667009353638
0.5326276421546936
0.5506818890571594
0.5073591470718384
0.5090036392211914
0.7574593424797058
0.5100351572036743
0.5104682445526123
0.5084430575370789
0.5666071772575378
0.5018638372421265
0.5011324286460876
0.5104877352714539
0.5097784996032715
0.5155825018882751
0.5100370645523071
0.6129453182220459
0.5111672878265381
0.5075057148933411
0.5076872110366821
0.5020676851272583
0.5093562602996826
0.5090559720993042
0.5020533800125122
0.5106014013290405
0.6397663950920105
0.5098997354507446
0.5066052675247192
0.5080689191818237
0.8077446818351746
0.5074009299278259
0.5065897703170776
0.5076914429664612
0.5100687742233276
0.5044573545455933
0.509057879447937
0.5056639313697815
0.5062924027442932
0.5036256313323975
0.5235530138015747
0.5099180340766907
0.5089595317840576
0.5073516964912415
0.5086857676506042
0.5077085494995117
0.5038285851478577
0.8333499431610107
0.509448230266571
0.5051693320274353
0.5107356309890747
0.5057681798934937
0.5142941474914551
0.5073044300079346
0.5088940262794495
0.5108646750450134
0.5085931420326233
0.5090352296829224
0.737632155418396
0.5001567006111145
0.5039575695991516
0.5086183547973633
0.5037258267402649
0.5020000338554382
0.5054104924201965
0.6901560425758362
0.5080474019050598
0.5104918479919434
0.5010667443275452
0.5007856488227844
0.5064166784286499
0.538909375667572
0.5010931491851807
0.5772486329078674
0.7727099657058716
0.5094435214996338
0.5044457912445068
0.5067169666290283
0.5034363269805908
0.5449226498603821
0.5068617463111877
0.505339503288269
0.5573734045028687
0.9569355249404907
0.5069306492805481
0.5102302432060242
0.5714095830917358
0.5114670991897583
0.5047879219055176
0.8289645910263062
0.5541399121284485
0.5153830051422119
0.5095598697662354
0.5118034482002258
0.5108171105384827
0.5422385334968567
0.5050361156463623
0.9874717593193054
0.9121583104133606
0.5080294609069824
0.5026441812515259
0.5096151232719421
0.5066946148872375
0.5068106055259705
0.7344382405281067
0.7837399244308472
0.9871496558189392
0.5009848475456238
0.9233617186546326
0.5071886777877808
0.5095028281211853
0.5094460844993591
0.5026230812072754
0.5429581999778748
0.5047025680541992
0.5494052171707153
0.5690678954124451
0.5099097490310669
0.5165296196937561
0.9940955638885498
0.5028936862945557
0.5086986422538757
0.5053746700286865
0.5079662799835205
0.6503111124038696
0.5168736577033997
0.7306602001190186
0.5076948404312134
0.5047879219055176
0.5061661005020142
0.5063349008560181
0.5001862645149231
0.5192596316337585
0.509617805480957
0.5732460021972656
0.506824791431427
0.968203067779541
0.5047389268875122
0.5102616548538208
0.5063333511352539
0.5215625166893005
0.5003987550735474
0.5063731670379639
0.5138345956802368
0.5050514340400696
0.570338249206543
0.5090575218200684
0.5403966903686523
0.5103152990341187
0.5010154247283936
0.5073452591896057
0.5071699023246765
0.5454382300376892
0.5310662388801575
0.5137940645217896
0.9591830372810364
0.5100247859954834
0.510088324546814
0.5113176703453064
0.5172363519668579
0.540574848651886
0.5048617124557495
0.510021448135376
0.5084949135780334
0.5105273127555847
0.5085293054580688
0.5058743357658386
0.6013832092285156
0.9553394913673401
0.518383800983429
0.5073702335357666
0.51047682762146
0.5010931491851807
0.5108303427696228
0.5076537132263184
0.509772002696991
0.5591397285461426
0.5106949210166931
0.5107906460762024
0.5056312680244446
0.5075865387916565
0.5084415078163147
0.7506064176559448
0.9019508361816406
0.5008649230003357
0.5056968331336975
0.5058868527412415
0.5633062124252319
0.5110260844230652
0.510121762752533
0.5067780613899231
0.5006837248802185
0.5071887373924255
0.5009249448776245
0.5049533843994141
0.5015041828155518
0.5635748505592346
0.6624748706817627
0.8716830611228943
0.5086699724197388
0.9321430325508118
0.5054197311401367
0.7293320298194885
0.5332248210906982
0.5026504993438721
0.5307986736297607
0.5102066397666931
0.532828152179718
0.7281509637832642
0.5054141283035278
0.5103263258934021
0.5512598752975464
0.510310709476471
0.5094613432884216
0.5098788142204285
0.7316545844078064
0.5053863525390625
0.5087090730667114
0.5104178190231323
0.510123074054718
0.9639865159988403
0.5267572402954102
0.5083202719688416
0.6237188577651978
0.7695580124855042
0.5073320865631104
0.5206847786903381
0.7711945176124573
0.5295170545578003
0.5101420283317566
0.5065683722496033
0.6054158210754395
0.5092844367027283
0.5107168555259705
0.5078548789024353
0.5087093114852905
0.5024106502532959
0.5579772591590881
0.5083782076835632
0.653313159942627
0.508073627948761
0.5086183547973633
0.5108046531677246
0.5029512047767639
0.5092965364456177
0.5464467406272888
0.5091107487678528
0.5148051381111145
0.5085781216621399
0.509057879447937
0.9724195003509521
0.5094617009162903
0.969506025314331
0.502248227596283
0.5137441754341125
0.5100290179252625
0.5029512047767639
0.5095994472503662
0.5079059600830078
0.5050690174102783
0.5029112100601196
0.5114461183547974
0.9820467233657837
0.6002786159515381
0.5080758333206177
0.5269153714179993
0.5379200577735901
0.5112869739532471
0.506384551525116
0.5027375817298889
0.5099623203277588
0.5086209774017334
0.5093693733215332
0.573921263217926
0.5096815824508667
0.510381281375885
0.5028408169746399
0.5068106055259705
0.5049275159835815
0.7695407271385193
0.5098947882652283
0.5112000107765198
0.5107571482658386
0.510887861251831
0.5102294087409973
0.6755373477935791
0.5395483374595642
0.5094460844993591
0.5108808875083923
0.5020528435707092
0.9124857187271118
0.5095251798629761
0.5106772780418396
0.5045582056045532
0.5081983208656311
0.5192596316337585
0.5048700571060181
0.5038163065910339
0.5099818706512451
0.5110334753990173
0.506960391998291
0.5024106502532959
0.5169171690940857
0.5106621980667114
0.5263509154319763
0.8147450685501099
0.5101779699325562
0.553078293800354
0.5067743062973022
0.5527289509773254
0.510752260684967
0.6786360144615173
0.5825546979904175
0.5102154612541199
0.5044055581092834
0.5102381706237793
0.5101841688156128
0.6695674657821655
0.5119649767875671
0.5072402954101562
0.51064532995224
0.5091149210929871
0.5951781272888184
0.5086638927459717
0.5087962746620178
0.50126051902771
0.5001233220100403
0.7286123037338257
0.5038747191429138
0.5018932819366455
0.5094906091690063
0.5102894306182861
0.5076764225959778
0.5052672624588013
0.5109459161758423
0.5390719175338745
0.5568176507949829
0.891262948513031
0.5177090167999268
0.5292193293571472
0.5100263953208923
0.8590013980865479
0.5512831807136536
0.5030848383903503
0.8346026539802551
0.5076997876167297
0.5068619251251221
0.5065169930458069
0.5077667832374573
0.5101979970932007
0.5070459246635437
0.5057711601257324
0.5582770109176636
0.5741915106773376
0.5183245539665222
0.6605366468429565
0.5073151588439941
0.9323213696479797
0.860166072845459
0.5080882906913757
0.5100708603858948
0.5067653059959412
0.5344132781028748
0.5081307291984558
0.5087035894393921
0.502711832523346
0.5097769498825073
0.9831611514091492
0.5449226498603821
0.5242719054222107
0.5033639669418335
0.5101849436759949
0.510089099407196
0.5103011131286621
0.5090324878692627
0.5078480243682861
0.8263435959815979
0.5081310868263245
0.6097451448440552
0.5042694211006165
0.5108808875083923
0.5083341002464294
0.5123515129089355
0.5101889371871948
0.5091657042503357
0.7456333041191101
0.510350227355957
0.5770843625068665
0.5023452043533325
0.5721190571784973
0.510692298412323
0.5138154625892639
0.510866105556488
0.5100119113922119
0.5086638927459717
0.5107707977294922
0.5062320828437805
0.5111942887306213
0.5573331713676453
0.5156357884407043
0.502129316329956
0.5080006718635559
0.5102066397666931
0.5106999278068542
0.5044013261795044
0.5058766007423401
0.5085609555244446
0.5894602537155151
0.5075961947441101
0.5111221671104431
0.5497764348983765
0.982860803604126
0.520946741104126
0.6067121028900146
0.5064905285835266
0.5088531374931335
0.5018932819366455
0.5198407769203186
0.6638458967208862
0.5070506930351257
0.5215691328048706
0.510696530342102
0.5071878433227539
0.8840280771255493
0.5082080960273743
0.5082009434700012
0.5091761350631714
0.7695407271385193
0.5082997679710388
0.5079568028450012
0.5162568688392639
0.513149082660675
0.7546547055244446
0.6239122748374939
0.5020819902420044
0.5103827118873596
0.5111592411994934
0.5090605616569519
0.5106813311576843
0.5019229054450989
0.504095733165741
0.8266693949699402
0.51047682762146
0.5091687440872192
0.5105635523796082
0.5036939382553101
0.8295053839683533
0.5105273127555847
0.5034072399139404
0.524196207523346
0.5327694416046143
0.7920939326286316
0.5091866850852966
0.501795768737793
0.8706764578819275
0.5176342129707336
0.529465913772583
0.5053863525390625
0.5106029510498047
0.9413816928863525
0.7463921904563904
0.5137691497802734
0.5079684853553772
0.6141871809959412
0.5045323371887207
0.5878056287765503
0.5053911209106445
0.5006837248802185
0.5079325437545776
0.5107209086418152
0.5110056400299072
0.5088123679161072
0.5104537010192871
0.5072841048240662
0.5082789063453674
0.5028064250946045
0.5102472901344299
0.5089706778526306
0.5102996826171875
0.5067211389541626
0.5026664137840271
0.5007436275482178
0.9999638795852661
0.5494052171707153
0.5004607439041138
0.5100573301315308
0.5010154247283936
0.7448655962944031
0.5047389268875122
0.5046749114990234
0.5115766525268555
0.5426291227340698
0.7796593904495239
0.5091627836227417
0.510566771030426
0.5001730918884277
0.5081745386123657
0.635964572429657
0.5039538741111755
0.6884873509407043
0.5064581632614136
0.5059887170791626
0.5018896460533142
0.5016189813613892
0.5104809403419495
0.5466217398643494
0.5090005993843079
0.5110231041908264
0.5097021460533142
0.5092546939849854
0.8154944181442261
0.5924050211906433
0.5099729895591736
0.652793824672699
0.6974608302116394
0.5095424652099609
0.5012738704681396
0.8416200280189514
0.7159373164176941
0.9136823415756226
0.5537593960762024
0.5107594728469849
0.5101659297943115
0.5095753073692322
0.5094519257545471
0.5024526715278625
0.5040186643600464
0.5411477088928223
0.5078480243682861
0.8143638968467712
0.5103959441184998
0.5045582056045532
0.7626997828483582
0.5037403702735901
0.5107381343841553
0.5112088322639465
0.5100752711296082
0.5739572048187256
0.5103827118873596
0.8695050477981567
0.5082157254219055
0.5070330500602722
0.5086567997932434
0.5568360686302185
0.5055159330368042
0.5070459246635437
0.5211033225059509
0.5019496083259583
0.5088857412338257
0.5106241703033447
0.527864396572113
0.5077298879623413
0.5130130648612976
0.5183245539665222
0.5025748610496521
0.7920939326286316
0.5077050924301147
0.5084708333015442
0.7844016551971436
0.5023511648178101
0.5034363269805908
0.6141242384910583
0.5020134449005127
0.5109372138977051
0.510450541973114
0.5002603530883789
0.5010139346122742
0.5109538435935974
0.5028255581855774
0.5115033984184265
0.975246250629425
0.5034069418907166
0.5100173950195312
0.507142186164856
0.5039113163948059
0.5023209452629089
0.5072857737541199
0.5066285133361816
0.5077870488166809
0.51102614402771
0.8694954514503479
0.5988817811012268
0.5102224946022034
0.5003240704536438
0.7033827900886536
0.5096365809440613
0.5160974264144897
0.5016513466835022
0.5110735893249512
0.5071614384651184
0.5057615637779236
0.5346300005912781
0.5157121419906616
0.5189389586448669
0.5503239035606384
0.5099151134490967
0.590665340423584
0.6842475533485413
0.5002710223197937
0.5053828954696655
0.5137691497802734
0.5060309767723083
0.5031982064247131
0.5088940262794495
0.5062128305435181
0.7844016551971436
0.5070386528968811
0.5031622648239136
0.5084311366081238
0.5103839039802551
0.5103025436401367
0.5072715282440186
0.5048491954803467
0.5665803551673889
0.5093023777008057
0.5102912783622742
0.6697171926498413
0.5044106841087341
0.5043020248413086
0.5090106129646301
0.5102795958518982
0.5100351572036743
0.5094156265258789
0.5095815658569336
0.5133736729621887
0.5100752711296082
0.5105563402175903
0.5023499727249146
0.5209901332855225
0.5073506832122803
0.5864613056182861
0.8400751352310181
0.5072278380393982
0.5094007253646851
0.5095182061195374
0.5077391862869263
0.7685011625289917
0.7018613815307617
0.5102915167808533
0.7477306127548218
0.5539413690567017
0.5563255548477173
0.5089595317840576
0.5058325529098511
0.5113139748573303
0.5179552435874939
0.9310652017593384
0.5022097229957581
0.5082680583000183
0.5102360844612122
0.508326530456543
0.5055043697357178
0.5069432854652405
0.5072269439697266
0.5133736729621887
0.6576011180877686
0.5073951482772827
0.5098990797996521
0.5098695158958435
0.5686314702033997
0.5091369152069092
0.5077022910118103
0.5095849633216858
0.510705292224884
0.9871496558189392
0.5003240704536438
0.7519724369049072
0.8703628182411194
0.5100456476211548
0.500849187374115
0.5070506930351257
0.5017011165618896
0.5011823773384094
0.5001233220100403
0.5090605616569519
0.7774355411529541
0.5075411796569824
0.503818154335022
0.5101131200790405
0.5019950866699219
0.5022168755531311
0.5319581031799316
0.5093587040901184
0.5038565397262573
0.5810063481330872
0.510866105556488
0.5031337141990662
0.5086864233016968
0.6071808338165283
0.5343782901763916
0.5795950889587402
0.5057615637779236
0.5031337141990662
0.552181601524353
0.6611879467964172
0.6251180768013
0.5081983208656311
0.5150113105773926
0.5106605887413025
0.5067313313484192
0.5080779790878296
0.536257266998291
0.5105769038200378
0.8429569602012634
0.5206847786903381
0.5016614198684692
0.5094512104988098
0.5090643763542175
0.5018226504325867
0.5090667009353638
0.5145615935325623
0.53803950548172
0.5301272869110107
0.5084365606307983
0.50921630859375
0.5464467406272888
0.5013371109962463
0.7441799640655518
0.5616730451583862
0.5075340270996094
0.5082769393920898
0.5092149972915649
0.5093852281570435
0.5098732113838196
0.9257842302322388
0.5052621364593506
0.5009848475456238
0.9378443360328674
0.5385069847106934
0.5011885762214661
0.5828997492790222
0.5111689567565918
0.5097548961639404
0.8305059671401978
0.5087662935256958
0.5075836777687073
0.5088802576065063
0.8377717733383179
0.5089103579521179
0.517042338848114
0.9019508361816406
0.8346026539802551
0.5073162317276001
0.5107658505439758
0.5063204169273376
0.5099097490310669
0.5020385980606079
0.5109716057777405
0.5094613432884216
0.5075368285179138
0.6745622754096985
0.5049710273742676
0.5085482597351074
0.5091761946678162
0.5087093114852905
0.5139162540435791
0.5097686648368835
0.5035024881362915
0.5093438625335693
0.5096450448036194
0.5092042088508606
0.5084438920021057
0.5054874420166016
0.5046684741973877
0.9275155067443848
0.510925829410553
0.5119462013244629
0.5103159546852112
0.5102472901344299
0.6323270201683044
0.5456415414810181
0.6521657705307007
0.5083782076835632
0.5019341707229614
0.5067117810249329
0.5825546979904175
0.5108866691589355
0.5053746700286865
0.5106070041656494
0.8678394556045532
0.5142281651496887
0.5058868527412415
0.5047743916511536
0.5081206560134888
0.5100708603858948
0.5082427859306335
0.509908139705658
0.5087890625
0.502792477607727
0.5113235712051392
0.5128752589225769
0.5671835541725159
0.507411777973175
0.5527289509773254
0.5099018216133118
0.5105941891670227
0.5198867321014404
0.8355172872543335
0.5093903541564941
0.5284669995307922
0.5092635750770569
0.5026975870132446
0.5014522671699524
0.5034072399139404
0.5064558982849121
0.5115224123001099
0.7327075004577637
0.5866602659225464
0.5098313093185425
0.5093963742256165
0.6584836840629578
0.509414792060852
0.5608008503913879
0.5036956071853638
0.777660608291626
0.510486900806427
0.5051636099815369
0.5066007375717163
0.9927166104316711
0.5093804001808167
0.5052191615104675
0.5059962868690491
0.5067185163497925
0.5051354169845581
0.6178527474403381
0.5051305890083313
0.5156357884407043
0.5255439281463623
0.509414792060852
0.5043200850486755
0.8614757657051086
0.5135520696640015
0.6255768537521362
0.5082477927207947
0.5082540512084961
0.7561215162277222
0.6503881812095642
0.5714095830917358
0.5086358189582825
0.5102996826171875
0.5071085095405579
0.5094191431999207
0.5151477456092834
0.5098761320114136
0.5088834166526794
0.5106233358383179
0.5080781579017639
0.5062159299850464
0.5408915877342224
0.5068932175636292
0.5026012659072876
0.503192663192749
0.5097355842590332
0.510736882686615
0.5090113878250122
0.5043200850486755
0.5083140134811401
0.5105413198471069
0.9493944048881531
0.5062839388847351
0.9558478593826294
0.5078120827674866
0.6344017386436462
0.507040798664093
0.7499866485595703
0.748626708984375
0.5103879570960999
0.5097863674163818
0.633712112903595
0.8031132817268372
0.5107577443122864
0.5012512803077698
0.5069094300270081
0.5104263424873352
0.5597921013832092
0.5571986436843872
0.5102875828742981
0.5105958580970764
0.5104163289070129
0.5092965364456177
0.5088834166526794
0.5099791288375854
0.5519078373908997
0.5103525519371033
0.5092601180076599
0.5011576414108276
0.5093510746955872
0.5222640037536621
0.6985985040664673
0.513473391532898
0.5304476022720337
0.5201509594917297
0.5040925741195679
0.5107906460762024
0.6394582986831665
0.5090264081954956
0.5073100328445435
0.9378443360328674
0.510887861251831
0.7561215162277222
0.5084723830223083
0.659058153629303
0.5230160355567932
0.8356043100357056
0.5095290541648865
0.5059624910354614
0.5555940866470337
0.505982518196106
0.5041024088859558
0.5008264780044556
0.6474379897117615
0.5388866662979126
0.6278412938117981
0.5090816020965576
0.5045201778411865
0.5348384380340576
0.5104885101318359
0.5092903971672058
0.6274665594100952
0.5001019239425659
0.501738429069519
0.5051647424697876
0.5087124109268188
0.5392018556594849
0.510724663734436
0.5097984075546265
0.5229238867759705
0.5284669995307922
0.510208785533905
0.5109538435935974
0.510074257850647
0.5352444648742676
0.5018896460533142
0.5019950866699219
0.53803950548172
0.50870281457901
0.5060713887214661
0.5466119050979614
0.943209707736969
0.5100629329681396
0.6250154972076416
0.5032507181167603
0.505907416343689
0.5430750250816345
0.998236894607544
0.5558372139930725
0.5480053424835205
0.7599909901618958
0.5544567704200745
0.5012460350990295
0.50080806016922
0.503036379814148
0.5889958143234253
0.5053732395172119
0.5603469014167786
0.5058692693710327
0.9993569254875183
0.6884470582008362
0.5007268190383911
0.5090690851211548
0.6117469072341919
0.9999361038208008
0.5992410778999329
0.505420446395874
0.5118589401245117
0.507040798664093
0.9987267851829529
0.50010085105896
0.9999125003814697
0.5023118853569031
0.5095893144607544
0.5097525119781494
0.5019756555557251
0.7637907266616821
0.5045288801193237
0.7410264611244202
0.5095171332359314
0.5117247700691223
0.9999995231628418
0.7405971884727478
0.5085319876670837
0.9422597885131836
0.5097225308418274
0.9351108074188232
0.5514439344406128
0.5060745477676392
0.648867666721344
0.5026410222053528
0.500428318977356
0.504243791103363
0.5464996695518494
0.5324926376342773
0.5078014731407166
0.5004733800888062
0.5881803631782532
0.5009164810180664
0.5105671286582947
0.5050283074378967
0.7584270238876343
0.738227903842926
0.5040518641471863
0.9992971420288086
0.5032267570495605
0.9991758465766907
0.5024851560592651
0.6319352388381958
0.5641331672668457
0.5093518495559692
0.5048109889030457
0.5062298774719238
0.5089543461799622
0.500706136226654
0.5026723742485046
0.9396660327911377
0.5638527274131775
0.5100167989730835
0.5347557663917542
0.9996899366378784
0.5076127648353577
0.5037155151367188
0.5029132962226868
0.5018378496170044
0.506413459777832
0.5024964213371277
0.503334641456604
0.5064353346824646
0.5084515810012817
0.5062762498855591
0.968818187713623
0.5165214538574219
0.5113125443458557
0.7169621586799622
0.5130787491798401
0.5093029737472534
0.5067852139472961
0.5043774247169495
0.5035675168037415
0.510823130607605
0.7326021194458008
0.517284095287323
0.508031964302063
0.5074045658111572
0.510394811630249
0.5035068392753601
0.5472401976585388
0.5031790137290955
0.5396549701690674
0.9461081027984619
0.509079098701477
0.6421985626220703
0.7089473605155945
0.5025832653045654
0.5105735063552856
0.5022481679916382
0.5113666653633118
0.640791118144989
0.5097736716270447
0.6067111492156982
0.595799446105957
0.5091991424560547
0.5195029377937317
0.5104607939720154
0.5082603096961975
0.501076877117157
0.6851231455802917
0.5086615085601807
0.9776476621627808
0.5103844404220581
0.9999988079071045
0.5080251693725586
0.537488579750061
0.5028584599494934
0.5009356141090393
0.5132254362106323
0.5079258680343628
0.5078305006027222
0.6404967308044434
0.5022909045219421
0.5021055936813354
0.5068386793136597
0.501849353313446
0.5102165341377258
0.5255778431892395
0.5179305076599121
0.5672310590744019
0.5048014521598816
0.5077401399612427
0.5231825113296509
0.5100709795951843
0.5052263140678406
1.0
0.5125687718391418
0.5104869604110718
0.5094349980354309
0.504034698009491
0.5013211369514465
0.5038097500801086
0.5116433501243591
0.5101310610771179
0.5066885948181152
0.5013814568519592
0.5097182393074036
0.5063577890396118
0.800966739654541
0.5075097680091858
0.5040656328201294
1.0
0.5303385853767395
0.5088964700698853
0.5088316798210144
0.5035109519958496
0.5130869150161743
0.5001943707466125
0.5080806612968445
0.5744444727897644
0.9999932050704956
0.5053359270095825
0.9809773564338684
0.5646875500679016
0.5625580549240112
0.5077426433563232
0.5095358490943909
0.6047856211662292
0.8397455811500549
0.500275194644928
0.5745057463645935
0.6450953483581543
0.7412970066070557
0.5033950805664062
0.5247001647949219
0.5076030492782593
0.9254447817802429
0.5095042586326599
0.50373774766922
0.9896907806396484
0.5011327266693115
0.5050451755523682
0.5068914294242859
0.5106168985366821
0.6034905314445496
0.507523775100708
0.5014532804489136
0.5163753628730774
0.5093615055084229
0.5424951314926147
0.8771100044250488
0.9633599519729614
1.0
0.5351338386535645
0.7532467842102051
0.680745542049408
0.5102049112319946
0.5019139647483826
0.5007711052894592
0.5601551532745361
0.5040570497512817
0.505731463432312
0.7213560938835144
0.5868968367576599
0.5397486686706543
0.5026059150695801
0.8012972474098206
0.5058243274688721
0.5094702839851379
0.9947668313980103
0.5060619711875916
0.5050256848335266
0.5847015380859375
0.5166459083557129
0.5089940428733826
0.5105023384094238
1.0
0.5044631361961365
0.968962550163269
0.9472415447235107
0.5064271092414856
0.5884381532669067
0.9999778270721436
0.5012680292129517
0.5139635801315308
0.514990508556366
0.5093843936920166
0.503318190574646
0.5098851919174194
0.886642336845398
0.5074605941772461
0.8098817467689514
0.5079819560050964
0.5067733526229858
0.5011796355247498
0.6076629161834717
0.5906278491020203
0.5004973411560059
0.5091781616210938
0.5015709400177002
0.9988853335380554
0.5023539066314697
0.5045678019523621
0.5073968172073364
0.5049695372581482
0.5164819359779358
0.5107138752937317
0.7510867714881897
0.5036029815673828
0.7547725439071655
0.5024545192718506
0.9999219179153442
0.5080016851425171
0.5017216801643372
0.5077941417694092
0.5099678635597229
0.5064087510108948
0.5488312244415283
0.5349428653717041
0.5078122615814209
0.5087418556213379
0.6108088493347168
0.5723898410797119
0.5104734301567078
0.5104781985282898
0.8894778490066528
0.5068591833114624
0.5874161720275879
0.5015742182731628
0.5241948962211609
0.506386935710907
0.5049898624420166
0.5004733800888062
0.5090660452842712
0.5023578405380249
0.5101587176322937
0.8091728687286377
0.9819222688674927
0.5031055212020874
0.9632816314697266
0.6965744495391846
0.5965630412101746
0.5050477981567383
0.5107136368751526
0.5055627226829529
0.9999997615814209
0.5090439319610596
0.5469274520874023
0.8489569425582886
0.5082319974899292
0.5047726035118103
0.5015621781349182
0.5060851573944092
0.5070897340774536
0.5044282078742981
0.5075997114181519
0.501919150352478
0.504776120185852
0.5004217028617859
0.5118208527565002
0.5082799792289734
0.5070204138755798
0.757509708404541
0.502805233001709
0.5018759369850159
0.5893301963806152
0.520183801651001
0.5112698078155518
0.6887509226799011
0.5830768942832947
0.6772697567939758
0.5684334635734558
0.504433810710907
0.5044560432434082
0.9871031641960144
0.5056016445159912
0.5006406307220459
0.5027720332145691
0.9870182871818542
0.8550843000411987
0.5075429677963257
0.5006313920021057
0.9754957556724548
0.592476487159729
0.5273826718330383
0.5370954871177673
1.0
0.5071237087249756
0.5089298486709595
0.5090340375900269
0.9990423321723938
0.5202512741088867
0.6588831543922424
0.9411989450454712
0.6080254912376404
0.9995136260986328
0.5013295412063599
0.5163424611091614
0.5052475333213806
0.6809467077255249
0.9401548504829407
0.5536936521530151
0.5059008598327637
0.996132493019104
0.981156587600708
0.5080457329750061
0.5084794759750366
0.988211452960968
0.9919330477714539
0.5034902095794678
0.9174101948738098
0.5530816316604614
0.5157504081726074
0.5040514469146729
0.5031593441963196
0.5104303956031799
0.9061407446861267
0.7275758981704712
0.9630176424980164
0.5083971619606018
0.8645089864730835
0.5047415494918823
0.6860203742980957
0.5104665160179138
0.5073326826095581
0.5511966347694397
0.8734583854675293
0.5310606956481934
0.521411120891571
0.5080319046974182
0.999792754650116
0.9137706160545349
0.5051220655441284
0.6830098032951355
0.9998024106025696
0.5047076344490051
0.8085858821868896
0.651168942451477
0.50714111328125
0.8418740630149841
0.5078601241111755
0.5027588605880737
0.7569767832756042
0.7385187745094299
0.5508935451507568
0.5095760226249695
0.556540310382843
0.502883791923523
0.571360170841217
0.5029258728027344
0.5004127025604248
0.5107499957084656
0.5287127494812012
0.9650408625602722
0.6028237342834473
0.5065847635269165
0.5036449432373047
0.8180009722709656
0.7331163287162781
0.5088632106781006
0.7607067823410034
0.5033915638923645
0.7054983377456665
0.5075515508651733
0.8953603506088257
0.5034090280532837
0.5104902982711792
0.5008445382118225
0.5534685254096985
0.5336570143699646
0.9690796136856079
0.5189589262008667
0.967769980430603
0.5392728447914124
0.9999434947967529
0.5089266896247864
0.5044927597045898
0.5454508662223816
0.501862645149231
0.5112667679786682
0.5060973167419434
0.5031763315200806
0.5033917427062988
0.5059255361557007
1.0
0.5615687966346741
0.507290244102478
0.5040439963340759
0.640791118144989
0.5091233849525452
0.9999794960021973
0.9777291417121887
0.5041651725769043
0.9999995231628418
0.9728924036026001
0.9498987197875977
0.7055023908615112
1.0
0.5021277666091919
0.529898464679718
0.6137024760246277
0.845376193523407
0.5036506056785583
0.5140960216522217
0.5016366839408875
0.5087795853614807
0.8727240562438965
0.5421676635742188
0.5782674551010132
0.5053187608718872
0.9985743761062622
0.5050801038742065
0.5264950394630432
0.5033392906188965
0.6097046732902527
0.5072572231292725
0.5045130252838135
0.9980233907699585
0.5071303844451904
0.8182064890861511
0.5037292838096619
0.7735974788665771
0.5114213228225708
0.5026906728744507
0.5228244662284851
0.6325634121894836
0.5982945561408997
0.5719221830368042
0.507462739944458
0.9547865986824036
0.9472156167030334
0.5025373101234436
0.5074490904808044
0.5068979263305664
0.5011032223701477
0.5055667757987976
0.8358729481697083
0.6624482870101929
0.9999724626541138
0.5553591251373291
0.5464240312576294
0.5007687211036682
0.5176953077316284
0.745879590511322
0.5085292458534241
0.5076050758361816
0.5800415873527527
0.5096767544746399
0.6468912959098816
0.5098411440849304
0.5056411623954773
0.9998888969421387
0.7999656796455383
0.5455113649368286
0.6245997548103333
0.5041275024414062
0.9850296378135681
0.5047343969345093
0.5305817127227783
0.5484701991081238
0.968298614025116
0.7596029043197632
0.9999744892120361
0.5202982425689697
0.5097629427909851
0.5059159398078918
0.9999619722366333
0.526875913143158
0.5099409222602844
0.5041083693504333
0.5057883858680725
0.9936901330947876
0.505093514919281
0.5286873579025269
0.5075852274894714
0.5097802877426147
0.9252180457115173
0.5077335238456726
0.5031887888908386
0.9985053539276123
0.5254895091056824
0.5084313750267029
0.5440352559089661
0.5045949220657349
0.5973427295684814
0.5147390365600586
0.5049366354942322
0.501844584941864
0.9448956847190857
0.72789067029953
0.6499254107475281
0.5097997188568115
0.9519540667533875
0.5007246732711792
0.5045192837715149
0.5078119039535522
0.9817777872085571
0.5012605786323547
0.5034093260765076
0.5100229382514954
0.5443451404571533
0.8968428373336792
0.5003957152366638
0.5242127776145935
0.5647361874580383
0.8969615697860718
0.5722296833992004
0.5009375214576721
0.5022535920143127
0.603587806224823
0.6351109147071838
0.5031809210777283
0.5107031464576721
1.0
0.5001091957092285
0.6626479029655457
0.9243456721305847
0.508156418800354
0.5049623250961304
0.5070825219154358
0.5065085291862488
0.7239757180213928
0.5136851668357849
0.8553861975669861
0.5103963613510132
0.5054143071174622
0.7137401700019836
0.6666748523712158
0.5086891055107117
0.5083604454994202
0.50394606590271
0.5814900994300842
0.8266031742095947
0.5098598599433899
0.5141127109527588
0.964626133441925
0.9965212345123291
0.596048891544342
0.508876621723175
0.8957322835922241
0.9534277319908142
0.5592846870422363
1.0
0.5510644912719727
0.8108019232749939
0.74709552526474
0.5092679858207703
0.929140567779541
0.5115211009979248
0.7475963234901428
0.6466491222381592
0.5013265013694763
0.5238848328590393
0.5087466239929199
0.8387720584869385
0.503957211971283
0.9990511536598206
0.6315548419952393
0.5046983361244202
0.9961133003234863
0.6182805895805359
0.513458251953125
0.5054337382316589
0.7439848184585571
0.5081157088279724
0.504048228263855
0.5028888583183289
0.5014082193374634
0.6764863729476929
0.5965797901153564
0.5086856484413147
0.9941095113754272
0.5064932703971863
0.5068740248680115
0.9320569634437561
0.5022733807563782
0.5032998323440552
0.5474910736083984
0.5057097673416138
0.8631323575973511
0.5089252591133118
0.5254895091056824
0.9618203043937683
0.5014073252677917
0.5053921937942505
0.6881189942359924
0.5045013427734375
0.5052328109741211
0.9948257207870483
0.8885336518287659
0.8915380239486694
0.5038231015205383
0.5062609314918518
0.5006061792373657
0.507221519947052
0.8174142241477966
0.7119885683059692
0.5310768485069275
0.9716567397117615
0.5076578259468079
0.505942702293396
0.5465904474258423
0.5046064853668213
0.5060432553291321
0.5000564455986023
0.5078302621841431
0.5403583645820618
0.9017295837402344
0.9996787309646606
0.6853677034378052
0.5029718279838562
0.6278610825538635
0.8086522817611694
0.5039643049240112
0.5068566203117371
0.5053145289421082
0.7099555134773254
0.9955911636352539
0.5045363306999207
0.5049262046813965
0.5539777278900146
0.5874161720275879
0.7052845358848572
0.9136226177215576
0.9371567368507385
0.504040002822876
0.5025573968887329
0.9999997615814209
0.8863109350204468
0.5013293027877808
0.5065513253211975
0.5066162347793579
0.5019423961639404
0.5020976066589355
0.6708695292472839
0.51008141040802
0.5039759278297424
0.8703006505966187
0.5109826922416687
0.508898913860321
0.5038933157920837
0.5310073494911194
0.5055819749832153
0.6008872985839844
0.5324004888534546
0.8029658198356628
0.5056911110877991
0.5101744532585144
0.9548671245574951
0.9141255021095276
0.6842067837715149
0.8169909119606018
0.9971137046813965
0.5160045027732849
0.5071532130241394
0.5771388411521912
0.6548467874526978
0.505748450756073
0.5094287991523743
0.5024471282958984
0.9999988079071045
0.9989769458770752
0.5080505609512329
0.5001630187034607
0.5304588675498962
0.5080286264419556
0.5159600973129272
0.5078362822532654
1.0
0.5070351362228394
0.5007151365280151
0.5055423974990845
0.5049760937690735
0.5096879601478577
1.0
0.5021287798881531
0.9954858422279358
0.9787418842315674
0.99928879737854
0.5107347965240479
0.5010441541671753
0.9998127818107605
0.9765862226486206
0.7271296977996826
0.9993960857391357
0.520183801651001
0.5047415494918823
0.5022561550140381
0.5154882669448853
0.5080124735832214
0.5756921768188477
0.9467916488647461
0.9999818801879883
0.5105517506599426
0.5053625702857971
0.6873676776885986
0.502445638179779
0.5112954378128052
0.5073994994163513
0.9999531507492065
0.5011027455329895
0.9146959781646729
0.5271827578544617
0.50844407081604
0.5092800855636597
0.5100203156471252
0.5063438415527344
0.6994853615760803
0.5072776079177856
0.6539615392684937
0.635563850402832
0.5037820935249329
0.8989172577857971
0.5045593976974487
0.9854238629341125
0.5100366473197937
0.5105074048042297
0.5034398436546326
0.8106614351272583
0.5011884570121765
0.5080366730690002
0.5011619329452515
0.5098963379859924
0.5005171895027161
0.5089554786682129
0.9741204380989075
0.6853677034378052
0.5063713788986206
0.5840018391609192
0.5067031383514404
0.5125128626823425
0.5001908540725708
1.0
0.9998470544815063
0.5068342685699463
0.5087371468544006
1.0
0.5113646984100342
0.5058612823486328
0.5060648918151855
0.7419612407684326
0.5100334882736206
0.5078480839729309
0.508339524269104
0.5075008273124695
0.5142714977264404
0.6180475354194641
0.8619006872177124
0.5056569576263428
0.7645516991615295
0.9867919683456421
0.681612491607666
0.5080955028533936
0.5053398013114929
0.5266280770301819
0.5916430950164795
0.5083516836166382
0.500569224357605
0.5071069598197937
0.9125744700431824
1.0
0.5043395757675171
0.6299973726272583
0.5031002163887024
0.5054337382316589
0.7917084097862244
0.5100870728492737
0.5038111805915833
0.9227268695831299
0.5183261632919312
0.7302196025848389
0.9534347653388977
0.5092809200286865
0.5095586776733398
0.5044874548912048
0.5000602006912231
0.5046625733375549
0.5107319355010986
0.5059008002281189
0.5108324289321899
0.5022226572036743
0.5078511834144592
0.9963071346282959
0.5053494572639465
0.505712628364563
0.9978592991828918
0.9999924898147583
0.9821127653121948
0.5044302344322205
0.527375340461731
0.5009201169013977
0.5806410312652588
0.5065737366676331
0.6811701059341431
0.5034737586975098
0.5216044187545776
0.6115918159484863
0.5658398866653442
0.9999984502792358
0.5204578638076782
0.5173349976539612
0.6584221720695496
0.5006738901138306
0.8362555503845215
0.7362534403800964
0.5056411623954773
0.5235399007797241
0.6205465793609619
0.7099074721336365
0.5293077826499939
0.5228312015533447
0.5004268884658813
0.5002995133399963
0.5026160478591919
0.9993964433670044
0.8350976705551147
0.6589440107345581
0.5075543522834778
0.5053580403327942
0.7149868607521057
0.5028126239776611
0.5088983178138733
0.5107928514480591
0.5867522358894348
0.5100268125534058
0.5024285316467285
0.5048246383666992
0.5079312324523926
0.9871425628662109
0.510280430316925
0.9607535004615784
0.5710249543190002
0.5149024128913879
0.5009864568710327
0.9994490742683411
0.5244622230529785
0.5095217227935791
0.6048913598060608
0.5044441223144531
0.838219404220581
0.5033398866653442
0.8864160180091858
0.999993085861206
0.5209282636642456
0.99935382604599
0.5515787601470947
0.5038983225822449
1.0
0.5064803957939148
0.5310452580451965
0.9958374500274658
0.5154882669448853
0.5587795972824097
0.5200097560882568
1.0
0.5078891515731812
0.5077623724937439
0.9677318930625916
0.9353580474853516
1.0
0.5021237730979919
0.9559981226921082
0.5057733654975891
0.5007795691490173
0.6234200596809387
0.663559079170227
0.5333316922187805
0.5025603175163269
0.5076509118080139
0.5370528697967529
0.5068901777267456
0.5008203387260437
0.5067682266235352
0.5057588815689087
0.5018492937088013
0.5086856484413147
0.9530609250068665
0.5110245943069458
0.5021167993545532
0.5186379551887512
0.509097695350647
0.5088585019111633
0.5016271471977234
0.5003213882446289
0.5023053884506226
0.5045776963233948
0.5017131567001343
0.6996292471885681
0.5047374367713928
0.5068420171737671
0.5085998773574829
0.5078850984573364
0.500706136226654
0.9053013324737549
0.9303101897239685
0.5942898392677307
0.5062509179115295
0.5134062170982361
0.507353663444519
0.9489411115646362
0.5908441543579102
0.5100342631340027
1.0
0.99982750415802
0.5056771636009216
0.7119601368904114
1.0
0.6379820704460144
0.5076300501823425
0.9999926090240479
0.5001599788665771
0.5035064816474915
0.5062204599380493
0.5061675310134888
0.5090438723564148
0.5079975128173828
0.5034059286117554
0.9912019968032837
0.8837524056434631
0.5445730686187744
0.5011882781982422
0.6026603579521179
0.7746468186378479
0.5091995596885681
0.520446240901947
0.5005080103874207
0.5060740113258362
0.9836267828941345
0.5265625715255737
0.5311705470085144
0.507169246673584
0.9654243588447571
0.5106292963027954
0.5143808126449585
0.9751905798912048
0.5075066685676575
0.5098477005958557
0.5096620917320251
0.5821779370307922
0.5071718096733093
0.5037205219268799
0.5025703310966492
0.9999942779541016
0.5048506259918213
0.5067237615585327
0.553276777267456
0.727196455001831
0.617328405380249
0.5016028881072998
0.5030548572540283
0.5326839089393616
0.5011265277862549
0.8798657059669495
1.0
0.5020491480827332
0.5396549701690674
0.7135280966758728
0.5089418888092041
0.5817579030990601
0.8237172365188599
0.5001322627067566
0.6055388450622559
0.6273378133773804
0.5738197565078735
0.5067186951637268
0.5088671445846558
0.5244496464729309
0.5030490159988403
0.5122052431106567
0.5043462514877319
1.0
0.509780764579773
0.5203182697296143
0.9999994039535522
0.5236114859580994
0.5086913704872131
0.5098745226860046
0.7577834129333496
0.5049787759780884
0.6199750900268555
0.5056408643722534
0.9997945427894592
0.9990799427032471
0.5325827598571777
0.5080437064170837
0.796237587928772
0.7314608693122864
0.5051233172416687
0.993408203125
0.5032687187194824
0.5041115283966064
0.5080252885818481
0.9370396733283997
0.5001742839813232
